0.000000000000000000e+00 5.339999999999999858e+00
3.000000000000000000e+02 5.347131000000000078e+00
6.000000000000000000e+02 5.360527000000000264e+00
9.000000000000000000e+02 5.376502000000000336e+00
1.200000000000000000e+03 5.392110999999999876e+00
1.500000000000000000e+03 5.405732999999999677e+00
1.800000000000000000e+03 5.416760000000000019e+00
2.100000000000000000e+03 5.425159999999999982e+00
2.400000000000000000e+03 5.431198000000000192e+00
2.700000000000000000e+03 5.435224999999999973e+00
3.000000000000000000e+03 5.437577000000000105e+00
3.300000000000000000e+03 5.438591999999999871e+00
3.600000000000000000e+03 5.438557999999999559e+00
3.900000000000000000e+03 5.437692000000000192e+00
4.200000000000000000e+03 5.436128000000000071e+00
4.500000000000000000e+03 5.433970999999999663e+00
4.800000000000000000e+03 5.431307999999999581e+00
5.100000000000000000e+03 5.428200999999999610e+00
5.400000000000000000e+03 5.424704000000000192e+00
5.700000000000000000e+03 5.420867999999999576e+00
6.000000000000000000e+03 5.416788000000000380e+00
6.300000000000000000e+03 5.412548000000000137e+00
6.600000000000000000e+03 5.408204999999999707e+00
6.900000000000000000e+03 5.403793000000000291e+00
7.200000000000000000e+03 5.399327999999999683e+00
7.500000000000000000e+03 5.394821000000000311e+00
7.800000000000000000e+03 5.390315000000000190e+00
8.100000000000000000e+03 5.385824999999999640e+00
8.400000000000000000e+03 5.381358999999999781e+00
8.700000000000000000e+03 5.376919000000000004e+00
9.000000000000000000e+03 5.372501999999999889e+00
9.300000000000000000e+03 5.368104999999999905e+00
9.600000000000000000e+03 5.363724999999999632e+00
9.900000000000000000e+03 5.359359000000000428e+00
1.020000000000000000e+04 5.355004000000000097e+00
1.050000000000000000e+04 5.350660000000000416e+00
1.080000000000000000e+04 5.346324000000000076e+00
1.110000000000000000e+04 5.341994999999999827e+00
1.140000000000000000e+04 5.337651000000000145e+00
1.170000000000000000e+04 5.333319000000000365e+00
1.200000000000000000e+04 5.329015000000000057e+00
1.230000000000000000e+04 5.324732000000000021e+00
1.260000000000000000e+04 5.320457000000000214e+00
1.290000000000000000e+04 5.316182000000000407e+00
1.320000000000000000e+04 5.311913999999999803e+00
1.350000000000000000e+04 5.307663999999999938e+00
1.380000000000000000e+04 5.303437999999999874e+00
1.410000000000000000e+04 5.299261999999999695e+00
1.440000000000000000e+04 5.295162000000000369e+00
1.470000000000000000e+04 5.291147999999999740e+00
1.500000000000000000e+04 5.287218000000000195e+00
1.530000000000000000e+04 5.283324000000000353e+00
1.560000000000000000e+04 5.279435000000000322e+00
1.590000000000000000e+04 5.275586999999999804e+00
1.620000000000000000e+04 5.271821000000000090e+00
1.650000000000000000e+04 5.268159999999999954e+00
1.680000000000000000e+04 5.264584000000000152e+00
1.710000000000000000e+04 5.261064000000000185e+00
1.740000000000000000e+04 5.257577999999999641e+00
1.770000000000000000e+04 5.254122999999999877e+00
1.800000000000000000e+04 5.250703999999999816e+00
1.830000000000000000e+04 5.247325000000000017e+00
1.860000000000000000e+04 5.243928999999999618e+00
1.890000000000000000e+04 5.240531999999999968e+00
1.920000000000000000e+04 5.237142999999999660e+00
1.950000000000000000e+04 5.233804000000000123e+00
1.980000000000000000e+04 5.230552999999999564e+00
2.010000000000000000e+04 5.227407999999999610e+00
2.040000000000000000e+04 5.224387000000000114e+00
2.070000000000000000e+04 5.221496000000000137e+00
2.100000000000000000e+04 5.218732000000000149e+00
2.130000000000000000e+04 5.216098999999999819e+00
2.160000000000000000e+04 5.213598000000000177e+00
2.190000000000000000e+04 5.211222000000000243e+00
2.220000000000000000e+04 5.209046999999999983e+00
2.250000000000000000e+04 5.207073000000000285e+00
2.280000000000000000e+04 5.205288000000000359e+00
2.310000000000000000e+04 5.203695999999999877e+00
2.340000000000000000e+04 5.202299000000000007e+00
2.370000000000000000e+04 5.201084999999999958e+00
2.400000000000000000e+04 5.200037000000000020e+00
2.430000000000000000e+04 5.199133999999999922e+00
2.460000000000000000e+04 5.198354000000000141e+00
2.490000000000000000e+04 5.197689999999999699e+00
2.520000000000000000e+04 5.197136999999999674e+00
2.550000000000000000e+04 5.196685999999999694e+00
2.580000000000000000e+04 5.196329999999999671e+00
2.610000000000000000e+04 5.196083999999999925e+00
2.640000000000000000e+04 5.195955999999999797e+00
2.670000000000000000e+04 5.195984000000000158e+00
2.700000000000000000e+04 5.196204999999999963e+00
2.730000000000000000e+04 5.196634000000000420e+00
2.760000000000000000e+04 5.197311000000000014e+00
2.790000000000000000e+04 5.198267000000000415e+00
2.820000000000000000e+04 5.199507999999999797e+00
2.850000000000000000e+04 5.201065999999999967e+00
2.880000000000000000e+04 5.202964999999999840e+00
2.910000000000000000e+04 5.205203000000000024e+00
2.940000000000000000e+04 5.207713000000000036e+00
2.970000000000000000e+04 5.210441000000000322e+00
3.000000000000000000e+04 5.213340999999999781e+00
3.030000000000000000e+04 5.216357000000000355e+00
3.060000000000000000e+04 5.219443000000000055e+00
3.090000000000000000e+04 5.222570000000000157e+00
3.120000000000000000e+04 5.225783999999999985e+00
3.150000000000000000e+04 5.229140000000000121e+00
3.180000000000000000e+04 5.232664999999999900e+00
3.210000000000000000e+04 5.236428000000000083e+00
3.240000000000000000e+04 5.240478999999999665e+00
3.270000000000000000e+04 5.244835000000000136e+00
3.300000000000000000e+04 5.249559999999999782e+00
3.330000000000000000e+04 5.254642999999999731e+00
3.360000000000000000e+04 5.260062999999999711e+00
3.390000000000000000e+04 5.265799999999999592e+00
3.420000000000000000e+04 5.271835000000000271e+00
3.450000000000000000e+04 5.278143000000000029e+00
3.480000000000000000e+04 5.284701000000000093e+00
3.510000000000000000e+04 5.291482000000000241e+00
3.540000000000000000e+04 5.298462999999999923e+00
3.570000000000000000e+04 5.305602000000000373e+00
3.600000000000000000e+04 5.312856000000000023e+00
3.630000000000000000e+04 5.320196000000000147e+00
3.660000000000000000e+04 5.327624000000000137e+00
3.690000000000000000e+04 5.335185000000000066e+00
3.720000000000000000e+04 5.342903999999999876e+00
3.750000000000000000e+04 5.350766000000000133e+00
3.780000000000000000e+04 5.358742000000000338e+00
3.810000000000000000e+04 5.366806999999999661e+00
3.840000000000000000e+04 5.374953999999999787e+00
3.870000000000000000e+04 5.383182999999999829e+00
3.900000000000000000e+04 5.391490000000000116e+00
3.930000000000000000e+04 5.399849999999999817e+00
3.960000000000000000e+04 5.408234000000000208e+00
3.990000000000000000e+04 5.416623999999999661e+00
4.020000000000000000e+04 5.424958000000000169e+00
4.050000000000000000e+04 5.433226000000000333e+00
4.080000000000000000e+04 5.441423999999999594e+00
4.110000000000000000e+04 5.449580000000000091e+00
4.140000000000000000e+04 5.457718999999999987e+00
4.170000000000000000e+04 5.465862999999999694e+00
4.200000000000000000e+04 5.474094000000000015e+00
4.230000000000000000e+04 5.482492999999999839e+00
4.260000000000000000e+04 5.491100000000000314e+00
4.290000000000000000e+04 5.499878999999999962e+00
4.320000000000000000e+04 5.508778999999999648e+00
4.350000000000000000e+04 5.517755000000000187e+00
4.380000000000000000e+04 5.526831999999999745e+00
4.410000000000000000e+04 5.536140999999999757e+00
4.440000000000000000e+04 5.545749999999999957e+00
4.470000000000000000e+04 5.555607000000000184e+00
4.500000000000000000e+04 5.565623999999999683e+00
4.530000000000000000e+04 5.575728999999999935e+00
4.560000000000000000e+04 5.585867999999999611e+00
4.590000000000000000e+04 5.596004999999999896e+00
4.620000000000000000e+04 5.606118000000000379e+00
4.650000000000000000e+04 5.616233000000000253e+00
4.680000000000000000e+04 5.626382000000000438e+00
4.710000000000000000e+04 5.636580999999999619e+00
4.740000000000000000e+04 5.647107000000000099e+00
4.770000000000000000e+04 5.657920999999999978e+00
4.800000000000000000e+04 5.668986000000000303e+00
4.830000000000000000e+04 5.680128999999999984e+00
4.860000000000000000e+04 5.691180000000000128e+00
4.890000000000000000e+04 5.702026000000000039e+00
4.920000000000000000e+04 5.712589000000000361e+00
4.950000000000000000e+04 5.722827999999999804e+00
4.980000000000000000e+04 5.732736000000000054e+00
5.010000000000000000e+04 5.742230000000000167e+00
5.040000000000000000e+04 5.751229999999999620e+00
5.070000000000000000e+04 5.759704000000000157e+00
5.100000000000000000e+04 5.767611999999999739e+00
5.130000000000000000e+04 5.775157000000000096e+00
5.160000000000000000e+04 5.782487999999999850e+00
5.190000000000000000e+04 5.789484999999999992e+00
5.220000000000000000e+04 5.795981000000000272e+00
5.250000000000000000e+04 5.801886999999999794e+00
5.280000000000000000e+04 5.807220000000000049e+00
5.310000000000000000e+04 5.812050000000000161e+00
5.340000000000000000e+04 5.816449000000000424e+00
5.370000000000000000e+04 5.820490999999999637e+00
5.400000000000000000e+04 5.824237000000000108e+00
5.430000000000000000e+04 5.827736999999999945e+00
5.460000000000000000e+04 5.831082999999999572e+00
5.490000000000000000e+04 5.834336000000000411e+00
5.520000000000000000e+04 5.837538000000000338e+00
5.550000000000000000e+04 5.840694000000000052e+00
5.580000000000000000e+04 5.843797000000000352e+00
5.610000000000000000e+04 5.846841000000000399e+00
5.640000000000000000e+04 5.849865000000000315e+00
5.670000000000000000e+04 5.852913000000000032e+00
5.700000000000000000e+04 5.856015000000000192e+00
5.730000000000000000e+04 5.859149000000000385e+00
5.760000000000000000e+04 5.862281000000000297e+00
5.790000000000000000e+04 5.865385999999999989e+00
5.820000000000000000e+04 5.868450000000000166e+00
5.850000000000000000e+04 5.871458999999999762e+00
5.880000000000000000e+04 5.874406999999999712e+00
5.910000000000000000e+04 5.877340000000000231e+00
5.940000000000000000e+04 5.880314000000000263e+00
5.970000000000000000e+04 5.883360999999999841e+00
6.000000000000000000e+04 5.886434000000000388e+00
6.030000000000000000e+04 5.889470000000000205e+00
6.060000000000000000e+04 5.892421999999999827e+00
6.090000000000000000e+04 5.895275999999999961e+00
6.120000000000000000e+04 5.898035000000000139e+00
6.150000000000000000e+04 5.900707999999999842e+00
6.180000000000000000e+04 5.903367000000000253e+00
6.210000000000000000e+04 5.906034000000000006e+00
6.240000000000000000e+04 5.908724000000000309e+00
6.270000000000000000e+04 5.911411000000000193e+00
6.300000000000000000e+04 5.914062999999999626e+00
6.330000000000000000e+04 5.916657999999999973e+00
6.360000000000000000e+04 5.919159999999999755e+00
6.390000000000000000e+04 5.921540000000000248e+00
6.420000000000000000e+04 5.923784000000000383e+00
6.450000000000000000e+04 5.925906000000000340e+00
6.480000000000000000e+04 5.927929999999999922e+00
6.510000000000000000e+04 5.929875000000000007e+00
6.540000000000000000e+04 5.931662000000000212e+00
6.570000000000000000e+04 5.933264000000000316e+00
6.600000000000000000e+04 5.934670999999999808e+00
6.630000000000000000e+04 5.935832000000000441e+00
6.660000000000000000e+04 5.936700000000000088e+00
6.690000000000000000e+04 5.937260000000000204e+00
6.720000000000000000e+04 5.937548999999999744e+00
6.750000000000000000e+04 5.937621000000000038e+00
6.780000000000000000e+04 5.937522999999999662e+00
6.810000000000000000e+04 5.937257999999999925e+00
6.840000000000000000e+04 5.936821000000000126e+00
6.870000000000000000e+04 5.936211000000000126e+00
6.900000000000000000e+04 5.935455000000000148e+00
6.930000000000000000e+04 5.934574999999999712e+00
6.960000000000000000e+04 5.933588000000000306e+00
6.990000000000000000e+04 5.932502000000000386e+00
7.020000000000000000e+04 5.931319000000000230e+00
7.050000000000000000e+04 5.930039999999999978e+00
7.080000000000000000e+04 5.928701000000000221e+00
7.110000000000000000e+04 5.927337999999999774e+00
7.140000000000000000e+04 5.925976999999999606e+00
7.170000000000000000e+04 5.924610000000000376e+00
7.200000000000000000e+04 5.923216000000000037e+00
7.230000000000000000e+04 5.921780000000000044e+00
7.260000000000000000e+04 5.920309999999999739e+00
7.290000000000000000e+04 5.918790999999999691e+00
7.320000000000000000e+04 5.917219000000000229e+00
7.350000000000000000e+04 5.915587999999999624e+00
7.380000000000000000e+04 5.913896000000000264e+00
7.410000000000000000e+04 5.912147000000000041e+00
7.440000000000000000e+04 5.910365999999999786e+00
7.470000000000000000e+04 5.908582000000000001e+00
7.500000000000000000e+04 5.906813999999999787e+00
7.530000000000000000e+04 5.905069000000000123e+00
7.560000000000000000e+04 5.903344999999999843e+00
7.590000000000000000e+04 5.901641999999999832e+00
7.620000000000000000e+04 5.899855999999999767e+00
7.650000000000000000e+04 5.897992000000000345e+00
7.680000000000000000e+04 5.896053000000000210e+00
7.710000000000000000e+04 5.894051000000000151e+00
7.740000000000000000e+04 5.891998000000000069e+00
7.770000000000000000e+04 5.889903000000000333e+00
7.800000000000000000e+04 5.887758999999999965e+00
7.830000000000000000e+04 5.885553999999999952e+00
7.860000000000000000e+04 5.883280000000000065e+00
7.890000000000000000e+04 5.880933999999999884e+00
7.920000000000000000e+04 5.878517000000000436e+00
7.950000000000000000e+04 5.876028999999999947e+00
7.980000000000000000e+04 5.873580999999999719e+00
8.010000000000000000e+04 5.871173999999999893e+00
8.040000000000000000e+04 5.868807000000000329e+00
8.070000000000000000e+04 5.866483999999999810e+00
8.100000000000000000e+04 5.864208999999999783e+00
8.130000000000000000e+04 5.861984999999999779e+00
8.160000000000000000e+04 5.859803999999999569e+00
8.190000000000000000e+04 5.857655000000000278e+00
8.220000000000000000e+04 5.855533000000000321e+00
8.250000000000000000e+04 5.853462999999999639e+00
8.280000000000000000e+04 5.851475999999999900e+00
8.310000000000000000e+04 5.849591000000000207e+00
8.340000000000000000e+04 5.847769000000000439e+00
8.370000000000000000e+04 5.845963000000000243e+00
8.400000000000000000e+04 5.844138000000000055e+00
8.430000000000000000e+04 5.842281999999999975e+00
8.460000000000000000e+04 5.840397000000000283e+00
8.490000000000000000e+04 5.838485000000000369e+00
8.520000000000000000e+04 5.836538000000000004e+00
8.550000000000000000e+04 5.834541999999999895e+00
8.580000000000000000e+04 5.832492000000000232e+00
8.610000000000000000e+04 5.830383000000000315e+00
8.640000000000000000e+04 5.828211999999999726e+00
8.670000000000000000e+04 5.825984000000000052e+00
8.700000000000000000e+04 5.823572000000000415e+00
8.730000000000000000e+04 5.820993999999999780e+00
8.760000000000000000e+04 5.818270000000000053e+00
8.790000000000000000e+04 5.815399000000000207e+00
8.820000000000000000e+04 5.812374000000000152e+00
8.850000000000000000e+04 5.809187999999999796e+00
8.880000000000000000e+04 5.805842000000000169e+00
8.910000000000000000e+04 5.802337999999999774e+00
8.940000000000000000e+04 5.798682999999999588e+00
8.970000000000000000e+04 5.794889999999999652e+00
9.000000000000000000e+04 5.790975999999999679e+00
9.030000000000000000e+04 5.786952999999999570e+00
9.060000000000000000e+04 5.782905000000000406e+00
9.090000000000000000e+04 5.778814999999999813e+00
9.120000000000000000e+04 5.774669000000000274e+00
9.150000000000000000e+04 5.770448000000000022e+00
9.180000000000000000e+04 5.766134000000000093e+00
9.210000000000000000e+04 5.761720000000000397e+00
9.240000000000000000e+04 5.757232000000000127e+00
9.270000000000000000e+04 5.752703000000000344e+00
9.300000000000000000e+04 5.748160000000000380e+00
9.330000000000000000e+04 5.743587999999999916e+00
9.360000000000000000e+04 5.738965000000000316e+00
9.390000000000000000e+04 5.734271999999999814e+00
9.420000000000000000e+04 5.729536000000000406e+00
9.450000000000000000e+04 5.724770000000000358e+00
9.480000000000000000e+04 5.719985000000000319e+00
9.510000000000000000e+04 5.715182000000000428e+00
9.540000000000000000e+04 5.710357000000000127e+00
9.570000000000000000e+04 5.705505999999999744e+00
9.600000000000000000e+04 5.700622000000000078e+00
9.630000000000000000e+04 5.695695999999999870e+00
9.660000000000000000e+04 5.690724999999999589e+00
9.690000000000000000e+04 5.685706999999999844e+00
9.720000000000000000e+04 5.680645000000000167e+00
9.750000000000000000e+04 5.675542000000000087e+00
9.780000000000000000e+04 5.670463999999999949e+00
9.810000000000000000e+04 5.665428999999999604e+00
9.840000000000000000e+04 5.660446000000000311e+00
9.870000000000000000e+04 5.655518999999999963e+00
9.900000000000000000e+04 5.650646000000000058e+00
9.930000000000000000e+04 5.645825000000000315e+00
9.960000000000000000e+04 5.641043999999999947e+00
9.990000000000000000e+04 5.636292000000000080e+00
1.002000000000000000e+05 5.631560000000000343e+00
1.005000000000000000e+05 5.626851000000000269e+00
1.008000000000000000e+05 5.622168000000000276e+00
1.011000000000000000e+05 5.617515000000000036e+00
1.014000000000000000e+05 5.612917999999999630e+00
1.017000000000000000e+05 5.608385000000000176e+00
1.020000000000000000e+05 5.603914999999999758e+00
1.023000000000000000e+05 5.599522000000000332e+00
1.026000000000000000e+05 5.595216999999999885e+00
1.029000000000000000e+05 5.591001999999999583e+00
1.032000000000000000e+05 5.586873999999999896e+00
1.035000000000000000e+05 5.582818999999999754e+00
1.038000000000000000e+05 5.578829999999999956e+00
1.041000000000000000e+05 5.574908999999999892e+00
1.044000000000000000e+05 5.571064999999999934e+00
1.047000000000000000e+05 5.567300000000000360e+00
1.050000000000000000e+05 5.563488000000000433e+00
1.053000000000000000e+05 5.559625999999999735e+00
1.056000000000000000e+05 5.555710000000000370e+00
1.059000000000000000e+05 5.551746999999999765e+00
1.062000000000000000e+05 5.547746000000000066e+00
1.065000000000000000e+05 5.543713000000000335e+00
1.068000000000000000e+05 5.539660999999999724e+00
1.071000000000000000e+05 5.535599999999999632e+00
1.074000000000000000e+05 5.531537000000000148e+00
1.077000000000000000e+05 5.527468999999999966e+00
1.080000000000000000e+05 5.523393000000000441e+00
1.083000000000000000e+05 5.519302999999999848e+00
1.086000000000000000e+05 5.515169000000000210e+00
1.089000000000000000e+05 5.511017999999999972e+00
1.092000000000000000e+05 5.506865999999999595e+00
1.095000000000000000e+05 5.502739000000000047e+00
1.098000000000000000e+05 5.498658999999999963e+00
1.101000000000000000e+05 5.494639000000000273e+00
1.104000000000000000e+05 5.490706000000000309e+00
1.107000000000000000e+05 5.486886000000000152e+00
1.110000000000000000e+05 5.483191999999999844e+00
1.113000000000000000e+05 5.479659999999999975e+00
1.116000000000000000e+05 5.476318000000000019e+00
1.119000000000000000e+05 5.473184999999999967e+00
1.122000000000000000e+05 5.470508999999999844e+00
1.125000000000000000e+05 5.468275000000000219e+00
1.128000000000000000e+05 5.466455999999999982e+00
1.131000000000000000e+05 5.465030999999999750e+00
1.134000000000000000e+05 5.463981000000000421e+00
1.137000000000000000e+05 5.463274000000000186e+00
1.140000000000000000e+05 5.462900999999999563e+00
1.143000000000000000e+05 5.462850999999999679e+00
1.146000000000000000e+05 5.463104000000000404e+00
1.149000000000000000e+05 5.463646999999999920e+00
1.152000000000000000e+05 5.464469000000000243e+00
1.155000000000000000e+05 5.465546999999999933e+00
1.158000000000000000e+05 5.466793000000000013e+00
1.161000000000000000e+05 5.468225999999999587e+00
1.164000000000000000e+05 5.469856000000000051e+00
1.167000000000000000e+05 5.471714999999999662e+00
1.170000000000000000e+05 5.473834000000000088e+00
1.173000000000000000e+05 5.476233999999999824e+00
1.176000000000000000e+05 5.478938999999999560e+00
1.179000000000000000e+05 5.481969000000000314e+00
1.182000000000000000e+05 5.485332999999999792e+00
1.185000000000000000e+05 5.489054000000000322e+00
1.188000000000000000e+05 5.493153999999999648e+00
1.191000000000000000e+05 5.497643000000000058e+00
1.194000000000000000e+05 5.502385000000000304e+00
1.197000000000000000e+05 5.507346000000000075e+00
1.200000000000000000e+05 5.512495000000000367e+00
1.203000000000000000e+05 5.517813000000000301e+00
1.206000000000000000e+05 5.523285999999999696e+00
1.209000000000000000e+05 5.528896999999999728e+00
1.212000000000000000e+05 5.534659999999999691e+00
1.215000000000000000e+05 5.540587999999999624e+00
1.218000000000000000e+05 5.546681999999999668e+00
1.221000000000000000e+05 5.552934999999999732e+00
1.224000000000000000e+05 5.559331000000000245e+00
1.227000000000000000e+05 5.565850000000000186e+00
1.230000000000000000e+05 5.572752000000000372e+00
1.233000000000000000e+05 5.580055999999999905e+00
1.236000000000000000e+05 5.587767999999999624e+00
1.239000000000000000e+05 5.595869000000000426e+00
1.242000000000000000e+05 5.604326999999999614e+00
1.245000000000000000e+05 5.613113000000000241e+00
1.248000000000000000e+05 5.622170999999999808e+00
1.251000000000000000e+05 5.631446000000000396e+00
1.254000000000000000e+05 5.640894000000000297e+00
1.257000000000000000e+05 5.650468000000000046e+00
1.260000000000000000e+05 5.660128000000000270e+00
1.263000000000000000e+05 5.669847999999999999e+00
1.266000000000000000e+05 5.679482000000000141e+00
1.269000000000000000e+05 5.689121000000000095e+00
1.272000000000000000e+05 5.698832000000000342e+00
1.275000000000000000e+05 5.708617000000000274e+00
1.278000000000000000e+05 5.718447000000000280e+00
1.281000000000000000e+05 5.728296000000000276e+00
1.284000000000000000e+05 5.738094000000000250e+00
1.287000000000000000e+05 5.747772000000000325e+00
1.290000000000000000e+05 5.757285000000000430e+00
1.293000000000000000e+05 5.766568999999999612e+00
1.296000000000000000e+05 5.775572000000000372e+00
1.299000000000000000e+05 5.784266999999999825e+00
1.302000000000000000e+05 5.792812999999999768e+00
1.305000000000000000e+05 5.801374000000000031e+00
1.308000000000000000e+05 5.810069999999999624e+00
1.311000000000000000e+05 5.819072000000000244e+00
1.314000000000000000e+05 5.828528000000000375e+00
1.317000000000000000e+05 5.838518999999999792e+00
1.320000000000000000e+05 5.849006000000000149e+00
1.323000000000000000e+05 5.859897000000000133e+00
1.326000000000000000e+05 5.871106000000000158e+00
1.329000000000000000e+05 5.882441000000000031e+00
1.332000000000000000e+05 5.893709999999999560e+00
1.335000000000000000e+05 5.904779999999999696e+00
1.338000000000000000e+05 5.915756000000000014e+00
1.341000000000000000e+05 5.926680000000000170e+00
1.344000000000000000e+05 5.937597000000000236e+00
1.347000000000000000e+05 5.948553999999999675e+00
1.350000000000000000e+05 5.959585999999999828e+00
1.353000000000000000e+05 5.970716000000000356e+00
1.356000000000000000e+05 5.981916000000000011e+00
1.359000000000000000e+05 5.993146999999999558e+00
1.362000000000000000e+05 6.004374999999999574e+00
1.365000000000000000e+05 6.015513999999999584e+00
1.368000000000000000e+05 6.026472000000000051e+00
1.371000000000000000e+05 6.037190999999999974e+00
1.374000000000000000e+05 6.047922999999999938e+00
1.377000000000000000e+05 6.058666999999999803e+00
1.380000000000000000e+05 6.069429999999999659e+00
1.383000000000000000e+05 6.080173000000000272e+00
1.386000000000000000e+05 6.090848000000000262e+00
1.389000000000000000e+05 6.101416000000000395e+00
1.392000000000000000e+05 6.111754000000000353e+00
1.395000000000000000e+05 6.121730999999999590e+00
1.398000000000000000e+05 6.131259000000000015e+00
1.401000000000000000e+05 6.140371000000000024e+00
1.404000000000000000e+05 6.149148000000000280e+00
1.407000000000000000e+05 6.157668000000000141e+00
1.410000000000000000e+05 6.165624000000000215e+00
1.413000000000000000e+05 6.172979999999999912e+00
1.416000000000000000e+05 6.179718000000000266e+00
1.419000000000000000e+05 6.185925000000000118e+00
1.422000000000000000e+05 6.191717999999999833e+00
1.425000000000000000e+05 6.197195999999999927e+00
1.428000000000000000e+05 6.202486999999999639e+00
1.431000000000000000e+05 6.207704999999999806e+00
1.434000000000000000e+05 6.212924000000000113e+00
1.437000000000000000e+05 6.218204000000000065e+00
1.440000000000000000e+05 6.223584999999999923e+00
1.443000000000000000e+05 6.229085999999999679e+00
1.446000000000000000e+05 6.234657999999999589e+00
1.449000000000000000e+05 6.240307999999999744e+00
1.452000000000000000e+05 6.246036000000000143e+00
1.455000000000000000e+05 6.251698000000000199e+00
1.458000000000000000e+05 6.257132000000000360e+00
1.461000000000000000e+05 6.262227000000000210e+00
1.464000000000000000e+05 6.266898000000000302e+00
1.467000000000000000e+05 6.271099999999999675e+00
1.470000000000000000e+05 6.274824999999999875e+00
1.473000000000000000e+05 6.278056000000000303e+00
1.476000000000000000e+05 6.280789999999999651e+00
1.479000000000000000e+05 6.283038999999999596e+00
1.482000000000000000e+05 6.284850999999999743e+00
1.485000000000000000e+05 6.286233000000000182e+00
1.488000000000000000e+05 6.287199000000000204e+00
1.491000000000000000e+05 6.287844999999999906e+00
1.494000000000000000e+05 6.288279000000000174e+00
1.497000000000000000e+05 6.288588999999999984e+00
1.500000000000000000e+05 6.288821999999999690e+00
1.503000000000000000e+05 6.289003000000000121e+00
1.506000000000000000e+05 6.289142000000000010e+00
1.509000000000000000e+05 6.289239000000000246e+00
1.512000000000000000e+05 6.289291999999999661e+00
1.515000000000000000e+05 6.289296000000000220e+00
1.518000000000000000e+05 6.289284999999999570e+00
1.521000000000000000e+05 6.289265000000000327e+00
1.524000000000000000e+05 6.289241999999999777e+00
1.527000000000000000e+05 6.289212000000000025e+00
1.530000000000000000e+05 6.289170000000000371e+00
1.533000000000000000e+05 6.289111000000000118e+00
1.536000000000000000e+05 6.289000999999999841e+00
1.539000000000000000e+05 6.288806000000000118e+00
1.542000000000000000e+05 6.288502000000000258e+00
1.545000000000000000e+05 6.288071000000000410e+00
1.548000000000000000e+05 6.287505000000000344e+00
1.551000000000000000e+05 6.286804000000000059e+00
1.554000000000000000e+05 6.285910999999999582e+00
1.557000000000000000e+05 6.284823000000000270e+00
1.560000000000000000e+05 6.283545000000000158e+00
1.563000000000000000e+05 6.282081999999999944e+00
1.566000000000000000e+05 6.280439999999999579e+00
1.569000000000000000e+05 6.278629999999999711e+00
1.572000000000000000e+05 6.276672999999999725e+00
1.575000000000000000e+05 6.274592000000000169e+00
1.578000000000000000e+05 6.272406000000000148e+00
1.581000000000000000e+05 6.270119000000000220e+00
1.584000000000000000e+05 6.267726999999999826e+00
1.587000000000000000e+05 6.265228999999999715e+00
1.590000000000000000e+05 6.262640000000000207e+00
1.593000000000000000e+05 6.259997000000000256e+00
1.596000000000000000e+05 6.257328000000000223e+00
1.599000000000000000e+05 6.254634000000000249e+00
1.602000000000000000e+05 6.251909000000000383e+00
1.605000000000000000e+05 6.249144000000000254e+00
1.608000000000000000e+05 6.246336000000000332e+00
1.611000000000000000e+05 6.243484999999999729e+00
1.614000000000000000e+05 6.240592999999999613e+00
1.617000000000000000e+05 6.237652999999999892e+00
1.620000000000000000e+05 6.234658999999999729e+00
1.623000000000000000e+05 6.231599000000000110e+00
1.626000000000000000e+05 6.228488999999999720e+00
1.629000000000000000e+05 6.225343999999999767e+00
1.632000000000000000e+05 6.222178999999999682e+00
1.635000000000000000e+05 6.218994999999999607e+00
1.638000000000000000e+05 6.215789000000000009e+00
1.641000000000000000e+05 6.212551999999999630e+00
1.644000000000000000e+05 6.209289000000000058e+00
1.647000000000000000e+05 6.206005000000000216e+00
1.650000000000000000e+05 6.202708000000000332e+00
1.653000000000000000e+05 6.199402000000000079e+00
1.656000000000000000e+05 6.196087999999999596e+00
1.659000000000000000e+05 6.192768000000000050e+00
1.662000000000000000e+05 6.189459000000000266e+00
1.665000000000000000e+05 6.186145999999999923e+00
1.668000000000000000e+05 6.182822999999999958e+00
1.671000000000000000e+05 6.179491999999999763e+00
1.674000000000000000e+05 6.176154000000000366e+00
1.677000000000000000e+05 6.172812000000000410e+00
1.680000000000000000e+05 6.169464999999999755e+00
1.683000000000000000e+05 6.166109999999999758e+00
1.686000000000000000e+05 6.162747000000000419e+00
1.689000000000000000e+05 6.159374999999999822e+00
1.692000000000000000e+05 6.155999000000000443e+00
1.695000000000000000e+05 6.152620999999999896e+00
1.698000000000000000e+05 6.149214999999999876e+00
1.701000000000000000e+05 6.145777999999999963e+00
1.704000000000000000e+05 6.142310000000000159e+00
1.707000000000000000e+05 6.138812999999999853e+00
1.710000000000000000e+05 6.135292999999999886e+00
1.713000000000000000e+05 6.131753999999999927e+00
1.716000000000000000e+05 6.128194999999999837e+00
1.719000000000000000e+05 6.124609999999999665e+00
1.722000000000000000e+05 6.120999000000000301e+00
1.725000000000000000e+05 6.117359000000000435e+00
1.728000000000000000e+05 6.113692000000000348e+00
1.731000000000000000e+05 6.109999000000000180e+00
1.734000000000000000e+05 6.106283999999999601e+00
1.737000000000000000e+05 6.102566000000000379e+00
1.740000000000000000e+05 6.098857999999999890e+00
1.743000000000000000e+05 6.095161000000000051e+00
1.746000000000000000e+05 6.091467999999999883e+00
1.749000000000000000e+05 6.087773000000000323e+00
1.752000000000000000e+05 6.084074000000000204e+00
1.755000000000000000e+05 6.080371999999999666e+00
1.758000000000000000e+05 6.076668999999999876e+00
1.761000000000000000e+05 6.072962999999999667e+00
1.764000000000000000e+05 6.069250000000000256e+00
1.767000000000000000e+05 6.065527999999999587e+00
1.770000000000000000e+05 6.061866000000000199e+00
1.773000000000000000e+05 6.058264999999999567e+00
1.776000000000000000e+05 6.054721999999999937e+00
1.779000000000000000e+05 6.051230999999999582e+00
1.782000000000000000e+05 6.047786000000000328e+00
1.785000000000000000e+05 6.044380999999999560e+00
1.788000000000000000e+05 6.041006999999999572e+00
1.791000000000000000e+05 6.037653999999999854e+00
1.794000000000000000e+05 6.034315999999999569e+00
1.797000000000000000e+05 6.030990000000000073e+00
1.800000000000000000e+05 6.027680000000000149e+00
1.803000000000000000e+05 6.024384999999999657e+00
1.806000000000000000e+05 6.021012999999999948e+00
1.809000000000000000e+05 6.017552000000000234e+00
1.812000000000000000e+05 6.013997999999999955e+00
1.815000000000000000e+05 6.010355999999999810e+00
1.818000000000000000e+05 6.006635000000000169e+00
1.821000000000000000e+05 6.002843999999999625e+00
1.824000000000000000e+05 5.998986000000000374e+00
1.827000000000000000e+05 5.995061999999999891e+00
1.830000000000000000e+05 5.991070999999999813e+00
1.833000000000000000e+05 5.987016999999999811e+00
1.836000000000000000e+05 5.982902000000000164e+00
1.839000000000000000e+05 5.978729000000000404e+00
1.842000000000000000e+05 5.974542999999999715e+00
1.845000000000000000e+05 5.970341999999999594e+00
1.848000000000000000e+05 5.966123999999999761e+00
1.851000000000000000e+05 5.961889000000000216e+00
1.854000000000000000e+05 5.957639000000000351e+00
1.857000000000000000e+05 5.953377999999999837e+00
1.860000000000000000e+05 5.949107999999999841e+00
1.863000000000000000e+05 5.944829999999999615e+00
1.866000000000000000e+05 5.940546000000000326e+00
1.869000000000000000e+05 5.936263000000000289e+00
1.872000000000000000e+05 5.931986000000000203e+00
1.875000000000000000e+05 5.927723000000000297e+00
1.878000000000000000e+05 5.923449999999999882e+00
1.881000000000000000e+05 5.919170000000000265e+00
1.884000000000000000e+05 5.914882999999999669e+00
1.887000000000000000e+05 5.910592000000000290e+00
1.890000000000000000e+05 5.906297000000000352e+00
1.893000000000000000e+05 5.902000000000000135e+00
1.896000000000000000e+05 5.897701999999999778e+00
1.899000000000000000e+05 5.893402000000000029e+00
1.902000000000000000e+05 5.889100000000000001e+00
1.905000000000000000e+05 5.884797999999999973e+00
1.908000000000000000e+05 5.880493999999999666e+00
1.911000000000000000e+05 5.876189000000000107e+00
1.914000000000000000e+05 5.872029999999999639e+00
1.917000000000000000e+05 5.868019999999999570e+00
1.920000000000000000e+05 5.864155000000000229e+00
1.923000000000000000e+05 5.860432999999999559e+00
1.926000000000000000e+05 5.856849999999999667e+00
1.929000000000000000e+05 5.853399999999999714e+00
1.932000000000000000e+05 5.850073000000000079e+00
1.935000000000000000e+05 5.846860000000000390e+00
1.938000000000000000e+05 5.843753000000000419e+00
1.941000000000000000e+05 5.840747000000000355e+00
1.944000000000000000e+05 5.837843000000000337e+00
1.947000000000000000e+05 5.835039000000000087e+00
1.950000000000000000e+05 5.831850000000000200e+00
1.953000000000000000e+05 5.828293000000000390e+00
1.956000000000000000e+05 5.824386999999999759e+00
1.959000000000000000e+05 5.820153999999999606e+00
1.962000000000000000e+05 5.815620000000000012e+00
1.965000000000000000e+05 5.810804000000000080e+00
1.968000000000000000e+05 5.805731999999999893e+00
1.971000000000000000e+05 5.800431999999999810e+00
1.974000000000000000e+05 5.794922999999999824e+00
1.977000000000000000e+05 5.789225000000000065e+00
1.980000000000000000e+05 5.783355000000000246e+00
1.983000000000000000e+05 5.777326999999999657e+00
1.986000000000000000e+05 5.771621999999999808e+00
1.989000000000000000e+05 5.766255000000000130e+00
1.992000000000000000e+05 5.761222000000000065e+00
1.995000000000000000e+05 5.756528999999999563e+00
1.998000000000000000e+05 5.752176000000000400e+00
2.001000000000000000e+05 5.748155999999999821e+00
2.004000000000000000e+05 5.744462000000000401e+00
2.007000000000000000e+05 5.741083999999999854e+00
2.010000000000000000e+05 5.738007999999999775e+00
2.013000000000000000e+05 5.735229999999999606e+00
2.016000000000000000e+05 5.732745000000000424e+00
2.019000000000000000e+05 5.730546000000000362e+00
2.022000000000000000e+05 5.728282000000000096e+00
2.025000000000000000e+05 5.725976000000000177e+00
2.028000000000000000e+05 5.723648999999999987e+00
2.031000000000000000e+05 5.721325000000000216e+00
2.034000000000000000e+05 5.719027999999999778e+00
2.037000000000000000e+05 5.716762000000000121e+00
2.040000000000000000e+05 5.714561999999999919e+00
2.043000000000000000e+05 5.712469999999999715e+00
2.046000000000000000e+05 5.710520999999999958e+00
2.049000000000000000e+05 5.708764000000000394e+00
2.052000000000000000e+05 5.707244000000000206e+00
2.055000000000000000e+05 5.705999000000000265e+00
2.058000000000000000e+05 5.705040999999999585e+00
2.061000000000000000e+05 5.704377000000000031e+00
2.064000000000000000e+05 5.704012999999999778e+00
2.067000000000000000e+05 5.703958000000000084e+00
2.070000000000000000e+05 5.704221999999999682e+00
2.073000000000000000e+05 5.704812000000000438e+00
2.076000000000000000e+05 5.705769000000000091e+00
2.079000000000000000e+05 5.707137999999999600e+00
2.082000000000000000e+05 5.708953000000000166e+00
2.085000000000000000e+05 5.711230999999999725e+00
2.088000000000000000e+05 5.713975999999999722e+00
2.091000000000000000e+05 5.717183999999999600e+00
2.094000000000000000e+05 5.720850999999999686e+00
2.097000000000000000e+05 5.724935000000000329e+00
2.100000000000000000e+05 5.729397999999999769e+00
2.103000000000000000e+05 5.734215999999999980e+00
2.106000000000000000e+05 5.739371000000000222e+00
2.109000000000000000e+05 5.744839999999999947e+00
2.112000000000000000e+05 5.750595999999999819e+00
2.115000000000000000e+05 5.756607999999999947e+00
2.118000000000000000e+05 5.762850000000000250e+00
2.121000000000000000e+05 5.769307000000000407e+00
2.124000000000000000e+05 5.775971000000000188e+00
2.127000000000000000e+05 5.782829999999999693e+00
2.130000000000000000e+05 5.790195999999999898e+00
2.133000000000000000e+05 5.798116000000000270e+00
2.136000000000000000e+05 5.806620999999999810e+00
2.139000000000000000e+05 5.815693999999999697e+00
2.142000000000000000e+05 5.825299000000000227e+00
2.145000000000000000e+05 5.835399999999999920e+00
2.148000000000000000e+05 5.845968000000000053e+00
2.151000000000000000e+05 5.856976999999999656e+00
2.154000000000000000e+05 5.868408999999999764e+00
2.157000000000000000e+05 5.880219999999999558e+00
2.160000000000000000e+05 5.892368000000000272e+00
2.163000000000000000e+05 5.904814000000000007e+00
2.166000000000000000e+05 5.917175000000000296e+00
2.169000000000000000e+05 5.929441999999999879e+00
2.172000000000000000e+05 5.941621999999999737e+00
2.175000000000000000e+05 5.953757000000000410e+00
2.178000000000000000e+05 5.965894999999999726e+00
2.181000000000000000e+05 5.978069999999999773e+00
2.184000000000000000e+05 5.990312000000000303e+00
2.187000000000000000e+05 6.002639000000000280e+00
2.190000000000000000e+05 6.015058999999999934e+00
2.193000000000000000e+05 6.027503000000000277e+00
2.196000000000000000e+05 6.039889999999999759e+00
2.199000000000000000e+05 6.052167999999999992e+00
2.202000000000000000e+05 6.063956000000000124e+00
2.205000000000000000e+05 6.075294000000000416e+00
2.208000000000000000e+05 6.086227000000000054e+00
2.211000000000000000e+05 6.096747999999999834e+00
2.214000000000000000e+05 6.106841000000000186e+00
2.217000000000000000e+05 6.116508999999999752e+00
2.220000000000000000e+05 6.125791000000000430e+00
2.223000000000000000e+05 6.134733999999999909e+00
2.226000000000000000e+05 6.143381999999999898e+00
2.229000000000000000e+05 6.151721000000000217e+00
2.232000000000000000e+05 6.159729999999999706e+00
2.235000000000000000e+05 6.167398999999999631e+00
2.238000000000000000e+05 6.175181000000000253e+00
2.241000000000000000e+05 6.183184999999999931e+00
2.244000000000000000e+05 6.191482999999999848e+00
2.247000000000000000e+05 6.199990999999999808e+00
2.250000000000000000e+05 6.208580999999999683e+00
2.253000000000000000e+05 6.217151999999999568e+00
2.256000000000000000e+05 6.225666999999999618e+00
2.259000000000000000e+05 6.234126999999999974e+00
2.262000000000000000e+05 6.242543000000000397e+00
2.265000000000000000e+05 6.250919999999999810e+00
2.268000000000000000e+05 6.259257999999999988e+00
2.271000000000000000e+05 6.267559999999999576e+00
2.274000000000000000e+05 6.275457000000000285e+00
2.277000000000000000e+05 6.282910000000000217e+00
2.280000000000000000e+05 6.289907000000000359e+00
2.283000000000000000e+05 6.296477999999999575e+00
2.286000000000000000e+05 6.302667999999999715e+00
2.289000000000000000e+05 6.308519999999999683e+00
2.292000000000000000e+05 6.314016999999999769e+00
2.295000000000000000e+05 6.319129000000000218e+00
2.298000000000000000e+05 6.323845000000000383e+00
2.301000000000000000e+05 6.328204999999999636e+00
2.304000000000000000e+05 6.332269000000000148e+00
2.307000000000000000e+05 6.336083000000000354e+00
2.310000000000000000e+05 6.339586999999999861e+00
2.313000000000000000e+05 6.342787999999999649e+00
2.316000000000000000e+05 6.345689000000000135e+00
2.319000000000000000e+05 6.348275000000000112e+00
2.322000000000000000e+05 6.350527999999999729e+00
2.325000000000000000e+05 6.352443000000000062e+00
2.328000000000000000e+05 6.354021000000000363e+00
2.331000000000000000e+05 6.355267999999999695e+00
2.334000000000000000e+05 6.356194999999999595e+00
2.337000000000000000e+05 6.356793999999999834e+00
2.340000000000000000e+05 6.357052000000000369e+00
2.343000000000000000e+05 6.356965999999999894e+00
2.346000000000000000e+05 6.356747000000000369e+00
2.349000000000000000e+05 6.356384000000000256e+00
2.352000000000000000e+05 6.355871999999999744e+00
2.355000000000000000e+05 6.355214000000000141e+00
2.358000000000000000e+05 6.354423999999999850e+00
2.361000000000000000e+05 6.353513000000000410e+00
2.364000000000000000e+05 6.352475000000000094e+00
2.367000000000000000e+05 6.351297999999999888e+00
2.370000000000000000e+05 6.349974999999999703e+00
2.373000000000000000e+05 6.348511000000000237e+00
2.376000000000000000e+05 6.346915000000000084e+00
2.379000000000000000e+05 6.345200000000000173e+00
2.382000000000000000e+05 6.343234999999999957e+00
2.385000000000000000e+05 6.341016999999999904e+00
2.388000000000000000e+05 6.338549999999999685e+00
2.391000000000000000e+05 6.335843999999999809e+00
2.394000000000000000e+05 6.332914999999999850e+00
2.397000000000000000e+05 6.329776999999999987e+00
2.400000000000000000e+05 6.326446999999999932e+00
2.403000000000000000e+05 6.322940000000000005e+00
2.406000000000000000e+05 6.319270000000000387e+00
2.409000000000000000e+05 6.315438000000000329e+00
2.412000000000000000e+05 6.311441000000000301e+00
2.415000000000000000e+05 6.307277000000000022e+00
2.418000000000000000e+05 6.302966999999999764e+00
2.421000000000000000e+05 6.298519999999999897e+00
2.424000000000000000e+05 6.293947000000000180e+00
2.427000000000000000e+05 6.289250000000000007e+00
2.430000000000000000e+05 6.284431999999999796e+00
2.433000000000000000e+05 6.279493000000000436e+00
2.436000000000000000e+05 6.274446000000000190e+00
2.439000000000000000e+05 6.269305000000000128e+00
2.442000000000000000e+05 6.264079999999999870e+00
2.445000000000000000e+05 6.258773999999999837e+00
2.448000000000000000e+05 6.253384999999999749e+00
2.451000000000000000e+05 6.247912000000000354e+00
2.454000000000000000e+05 6.242456999999999923e+00
2.457000000000000000e+05 6.237021000000000370e+00
2.460000000000000000e+05 6.231603999999999921e+00
2.463000000000000000e+05 6.226211000000000162e+00
2.466000000000000000e+05 6.220844999999999736e+00
2.469000000000000000e+05 6.215511000000000230e+00
2.472000000000000000e+05 6.210202999999999918e+00
2.475000000000000000e+05 6.204915999999999876e+00
2.478000000000000000e+05 6.199646999999999686e+00
2.481000000000000000e+05 6.194397000000000375e+00
2.484000000000000000e+05 6.189168999999999699e+00
2.487000000000000000e+05 6.183965999999999852e+00
2.490000000000000000e+05 6.178812999999999889e+00
2.493000000000000000e+05 6.173716999999999899e+00
2.496000000000000000e+05 6.168676999999999744e+00
2.499000000000000000e+05 6.163685000000000080e+00
2.502000000000000000e+05 6.158730000000000260e+00
2.505000000000000000e+05 6.153804000000000052e+00
2.508000000000000000e+05 6.148903999999999925e+00
2.511000000000000000e+05 6.144029999999999880e+00
2.514000000000000000e+05 6.139183000000000057e+00
2.517000000000000000e+05 6.134362999999999566e+00
2.520000000000000000e+05 6.129572999999999716e+00
2.523000000000000000e+05 6.124811000000000227e+00
2.526000000000000000e+05 6.120218999999999632e+00
2.529000000000000000e+05 6.115789000000000364e+00
2.532000000000000000e+05 6.111517000000000088e+00
2.535000000000000000e+05 6.107401000000000302e+00
2.538000000000000000e+05 6.103441000000000116e+00
2.541000000000000000e+05 6.099636000000000280e+00
2.544000000000000000e+05 6.095979999999999954e+00
2.547000000000000000e+05 6.092464999999999797e+00
2.550000000000000000e+05 6.089083999999999719e+00
2.553000000000000000e+05 6.085829999999999629e+00
2.556000000000000000e+05 6.082696999999999576e+00
2.559000000000000000e+05 6.079679999999999751e+00
2.562000000000000000e+05 6.076651000000000025e+00
2.565000000000000000e+05 6.073608000000000118e+00
2.568000000000000000e+05 6.070549999999999891e+00
2.571000000000000000e+05 6.067477000000000231e+00
2.574000000000000000e+05 6.064390000000000391e+00
2.577000000000000000e+05 6.061290999999999762e+00
2.580000000000000000e+05 6.058176999999999701e+00
2.583000000000000000e+05 6.055043999999999649e+00
2.586000000000000000e+05 6.051891999999999605e+00
2.589000000000000000e+05 6.048719000000000179e+00
2.592000000000000000e+05 6.045529000000000153e+00
2.595000000000000000e+05 6.042321000000000275e+00
2.598000000000000000e+05 6.039284999999999570e+00
2.601000000000000000e+05 6.036407999999999774e+00
2.604000000000000000e+05 6.033679000000000237e+00
2.607000000000000000e+05 6.031071999999999989e+00
2.610000000000000000e+05 6.028560999999999837e+00
2.613000000000000000e+05 6.026119999999999699e+00
2.616000000000000000e+05 6.023743999999999765e+00
2.619000000000000000e+05 6.021435000000000315e+00
2.622000000000000000e+05 6.019192000000000320e+00
2.625000000000000000e+05 6.017004000000000019e+00
2.628000000000000000e+05 6.014855999999999980e+00
2.631000000000000000e+05 6.012730999999999604e+00
2.634000000000000000e+05 6.010551999999999673e+00
2.637000000000000000e+05 6.008294000000000246e+00
2.640000000000000000e+05 6.005925000000000402e+00
2.643000000000000000e+05 6.003434000000000381e+00
2.646000000000000000e+05 6.000810000000000421e+00
2.649000000000000000e+05 5.998050000000000104e+00
2.652000000000000000e+05 5.995148000000000366e+00
2.655000000000000000e+05 5.992102000000000039e+00
2.658000000000000000e+05 5.988909999999999734e+00
2.661000000000000000e+05 5.985562999999999967e+00
2.664000000000000000e+05 5.982050000000000090e+00
2.667000000000000000e+05 5.978361999999999732e+00
2.670000000000000000e+05 5.974486999999999881e+00
2.673000000000000000e+05 5.970422000000000118e+00
2.676000000000000000e+05 5.966162999999999883e+00
2.679000000000000000e+05 5.961705000000000254e+00
2.682000000000000000e+05 5.957042000000000392e+00
2.685000000000000000e+05 5.952169999999999739e+00
2.688000000000000000e+05 5.947097000000000300e+00
2.691000000000000000e+05 5.941834000000000060e+00
2.694000000000000000e+05 5.936391000000000417e+00
2.697000000000000000e+05 5.930760000000000254e+00
2.700000000000000000e+05 5.924927000000000277e+00
2.703000000000000000e+05 5.918880999999999837e+00
2.706000000000000000e+05 5.912691999999999837e+00
2.709000000000000000e+05 5.906368999999999758e+00
2.712000000000000000e+05 5.899918999999999691e+00
2.715000000000000000e+05 5.893341999999999636e+00
2.718000000000000000e+05 5.886636000000000202e+00
2.721000000000000000e+05 5.879798000000000080e+00
2.724000000000000000e+05 5.872865000000000002e+00
2.727000000000000000e+05 5.865878999999999621e+00
2.730000000000000000e+05 5.858869999999999578e+00
2.733000000000000000e+05 5.851848999999999634e+00
2.736000000000000000e+05 5.844815999999999789e+00
2.739000000000000000e+05 5.837767000000000372e+00
2.742000000000000000e+05 5.830784000000000411e+00
2.745000000000000000e+05 5.823889999999999567e+00
2.748000000000000000e+05 5.817093999999999987e+00
2.751000000000000000e+05 5.810393999999999615e+00
2.754000000000000000e+05 5.803778000000000326e+00
2.757000000000000000e+05 5.797231000000000023e+00
2.760000000000000000e+05 5.790750000000000064e+00
2.763000000000000000e+05 5.784330999999999889e+00
2.766000000000000000e+05 5.777970999999999968e+00
2.769000000000000000e+05 5.771651999999999560e+00
2.772000000000000000e+05 5.765355999999999703e+00
2.775000000000000000e+05 5.759066999999999936e+00
2.778000000000000000e+05 5.752754999999999619e+00
2.781000000000000000e+05 5.746431000000000289e+00
2.784000000000000000e+05 5.740103000000000399e+00
2.787000000000000000e+05 5.733785000000000132e+00
2.790000000000000000e+05 5.727484999999999715e+00
2.793000000000000000e+05 5.721210000000000129e+00
2.796000000000000000e+05 5.714972999999999637e+00
2.799000000000000000e+05 5.708789999999999587e+00
2.802000000000000000e+05 5.702669000000000210e+00
2.805000000000000000e+05 5.696619000000000099e+00
2.808000000000000000e+05 5.690643999999999814e+00
2.811000000000000000e+05 5.684746999999999773e+00
2.814000000000000000e+05 5.678865000000000052e+00
2.817000000000000000e+05 5.673015000000000363e+00
2.820000000000000000e+05 5.667209999999999859e+00
2.823000000000000000e+05 5.661477999999999788e+00
2.826000000000000000e+05 5.655847999999999764e+00
2.829000000000000000e+05 5.650336000000000247e+00
2.832000000000000000e+05 5.644963999999999871e+00
2.835000000000000000e+05 5.639749000000000123e+00
2.838000000000000000e+05 5.634699000000000346e+00
2.841000000000000000e+05 5.629827999999999832e+00
2.844000000000000000e+05 5.625149000000000399e+00
2.847000000000000000e+05 5.620664999999999800e+00
2.850000000000000000e+05 5.616533000000000442e+00
2.853000000000000000e+05 5.612769000000000119e+00
2.856000000000000000e+05 5.609369000000000050e+00
2.859000000000000000e+05 5.606347999999999665e+00
2.862000000000000000e+05 5.603710999999999665e+00
2.865000000000000000e+05 5.601448000000000427e+00
2.868000000000000000e+05 5.599542999999999715e+00
2.871000000000000000e+05 5.597973999999999783e+00
2.874000000000000000e+05 5.596714000000000411e+00
2.877000000000000000e+05 5.595756999999999870e+00
2.880000000000000000e+05 5.595100999999999658e+00
2.883000000000000000e+05 5.594732999999999734e+00
2.886000000000000000e+05 5.594650999999999819e+00
2.889000000000000000e+05 5.594884999999999664e+00
2.892000000000000000e+05 5.595444999999999780e+00
2.895000000000000000e+05 5.596319000000000266e+00
2.898000000000000000e+05 5.597481000000000151e+00
2.901000000000000000e+05 5.598904000000000103e+00
2.904000000000000000e+05 5.600572999999999801e+00
2.907000000000000000e+05 5.602475000000000094e+00
2.910000000000000000e+05 5.604595999999999911e+00
2.913000000000000000e+05 5.606938000000000422e+00
2.916000000000000000e+05 5.609505999999999659e+00
2.919000000000000000e+05 5.612295999999999729e+00
2.922000000000000000e+05 5.615346999999999866e+00
2.925000000000000000e+05 5.618674000000000390e+00
2.928000000000000000e+05 5.622277999999999665e+00
2.931000000000000000e+05 5.626163000000000025e+00
2.934000000000000000e+05 5.630326000000000164e+00
2.937000000000000000e+05 5.634758999999999851e+00
2.940000000000000000e+05 5.639457000000000164e+00
2.943000000000000000e+05 5.644414000000000264e+00
2.946000000000000000e+05 5.649619999999999642e+00
2.949000000000000000e+05 5.655070000000000263e+00
2.952000000000000000e+05 5.660758000000000401e+00
2.955000000000000000e+05 5.666674999999999685e+00
2.958000000000000000e+05 5.672674999999999912e+00
2.961000000000000000e+05 5.678732000000000113e+00
2.964000000000000000e+05 5.684829999999999828e+00
2.967000000000000000e+05 5.690979999999999706e+00
2.970000000000000000e+05 5.697200999999999738e+00
2.973000000000000000e+05 5.703500000000000014e+00
2.976000000000000000e+05 5.709958000000000311e+00
2.979000000000000000e+05 5.716647000000000034e+00
2.982000000000000000e+05 5.723601999999999634e+00
2.985000000000000000e+05 5.730857999999999564e+00
2.988000000000000000e+05 5.738432000000000421e+00
2.991000000000000000e+05 5.746316000000000201e+00
2.994000000000000000e+05 5.754591999999999707e+00
2.997000000000000000e+05 5.763287000000000049e+00
