0.000000000000000000e+00 1.639131882915441452e+01
6.000000000000000000e+01 1.644175142286949054e+01
1.200000000000000000e+02 1.644175142286949054e+01
1.800000000000000000e+02 1.644175142286949054e+01
2.400000000000000000e+02 1.644175142286949054e+01
3.000000000000000000e+02 1.644175142286949054e+01
3.600000000000000000e+02 1.644175142286949054e+01
4.200000000000000000e+02 1.649217089964809801e+01
4.800000000000000000e+02 1.649217089964809801e+01
5.400000000000000000e+02 1.649217089964809801e+01
6.000000000000000000e+02 1.649217089964809801e+01
6.600000000000000000e+02 1.654257738925733179e+01
7.200000000000000000e+02 1.654257738925733179e+01
7.800000000000000000e+02 1.654257738925733179e+01
8.400000000000000000e+02 1.654257738925733179e+01
9.000000000000000000e+02 1.659297102126896206e+01
9.600000000000000000e+02 1.659297102126896206e+01
1.020000000000000000e+03 1.659297102126896206e+01
1.080000000000000000e+03 1.659297102126896206e+01
1.140000000000000000e+03 1.664335192506166550e+01
1.200000000000000000e+03 1.664335192506166550e+01
1.260000000000000000e+03 1.664335192506166550e+01
1.320000000000000000e+03 1.664335192506166550e+01
1.380000000000000000e+03 1.664335192506166550e+01
1.440000000000000000e+03 1.669372022982298276e+01
1.500000000000000000e+03 1.669372022982298276e+01
1.560000000000000000e+03 1.669372022982298276e+01
1.620000000000000000e+03 1.669372022982298276e+01
1.680000000000000000e+03 1.674407606455153541e+01
1.740000000000000000e+03 1.674407606455153541e+01
1.800000000000000000e+03 1.674407606455153541e+01
1.860000000000000000e+03 1.679441955805896214e+01
1.920000000000000000e+03 1.679441955805896214e+01
1.980000000000000000e+03 1.679441955805896214e+01
2.040000000000000000e+03 1.679441955805896214e+01
2.100000000000000000e+03 1.679441955805896214e+01
2.160000000000000000e+03 1.684475083897206105e+01
2.220000000000000000e+03 1.684475083897206105e+01
2.280000000000000000e+03 1.684475083897206105e+01
2.340000000000000000e+03 1.684475083897206105e+01
2.400000000000000000e+03 1.684475083897206105e+01
2.460000000000000000e+03 1.684475083897206105e+01
2.520000000000000000e+03 1.684475083897206105e+01
2.580000000000000000e+03 1.684475083897206105e+01
2.640000000000000000e+03 1.684475083897206105e+01
2.700000000000000000e+03 1.689507003573478983e+01
2.760000000000000000e+03 1.689507003573478983e+01
2.820000000000000000e+03 1.689507003573478983e+01
2.880000000000000000e+03 1.689507003573478983e+01
2.940000000000000000e+03 1.689507003573478983e+01
3.000000000000000000e+03 1.689507003573478983e+01
3.060000000000000000e+03 1.689507003573478983e+01
3.120000000000000000e+03 1.694537727661048265e+01
3.180000000000000000e+03 1.694537727661048265e+01
3.240000000000000000e+03 1.694537727661048265e+01
3.300000000000000000e+03 1.694537727661048265e+01
3.360000000000000000e+03 1.694537727661048265e+01
3.420000000000000000e+03 1.694537727661048265e+01
3.480000000000000000e+03 1.694537727661048265e+01
3.540000000000000000e+03 1.694537727661048265e+01
3.600000000000000000e+03 1.694537727661048265e+01
3.660000000000000000e+03 1.699567268968371536e+01
3.720000000000000000e+03 1.699567268968371536e+01
3.780000000000000000e+03 1.699567268968371536e+01
3.840000000000000000e+03 1.699567268968371536e+01
3.900000000000000000e+03 1.699567268968371536e+01
3.960000000000000000e+03 1.699567268968371536e+01
4.020000000000000000e+03 1.704595640286237312e+01
4.080000000000000000e+03 1.704595640286237312e+01
4.140000000000000000e+03 1.704595640286237312e+01
4.200000000000000000e+03 1.704595640286237312e+01
4.260000000000000000e+03 1.704595640286237312e+01
4.320000000000000000e+03 1.704595640286237312e+01
4.380000000000000000e+03 1.704595640286237312e+01
4.440000000000000000e+03 1.709622854387970392e+01
4.500000000000000000e+03 1.709622854387970392e+01
4.560000000000000000e+03 1.709622854387970392e+01
4.620000000000000000e+03 1.709622854387970392e+01
4.680000000000000000e+03 1.709622854387970392e+01
4.740000000000000000e+03 1.709622854387970392e+01
4.800000000000000000e+03 1.709622854387970392e+01
4.860000000000000000e+03 1.714648924029648924e+01
4.920000000000000000e+03 1.714648924029648924e+01
4.980000000000000000e+03 1.714648924029648924e+01
5.040000000000000000e+03 1.714648924029648924e+01
5.100000000000000000e+03 1.714648924029648924e+01
5.160000000000000000e+03 1.714648924029648924e+01
5.220000000000000000e+03 1.714648924029648924e+01
5.280000000000000000e+03 1.714648924029648924e+01
5.340000000000000000e+03 1.714648924029648924e+01
5.400000000000000000e+03 1.714648924029648924e+01
5.460000000000000000e+03 1.714648924029648924e+01
5.520000000000000000e+03 1.719673861950272453e+01
5.580000000000000000e+03 1.719673861950272453e+01
5.640000000000000000e+03 1.719673861950272453e+01
5.700000000000000000e+03 1.719673861950272453e+01
5.760000000000000000e+03 1.719673861950272453e+01
5.820000000000000000e+03 1.719673861950272453e+01
5.880000000000000000e+03 1.719673861950272453e+01
5.940000000000000000e+03 1.719673861950272453e+01
6.000000000000000000e+03 1.719673861950272453e+01
6.060000000000000000e+03 1.719673861950272453e+01
6.120000000000000000e+03 1.719673861950272453e+01
6.180000000000000000e+03 1.724697680871997463e+01
6.240000000000000000e+03 1.724697680871997463e+01
6.300000000000000000e+03 1.724697680871997463e+01
6.360000000000000000e+03 1.724697680871997463e+01
6.420000000000000000e+03 1.724697680871997463e+01
6.480000000000000000e+03 1.724697680871997463e+01
6.540000000000000000e+03 1.724697680871997463e+01
6.600000000000000000e+03 1.724697680871997463e+01
6.660000000000000000e+03 1.724697680871997463e+01
6.720000000000000000e+03 1.724697680871997463e+01
6.780000000000000000e+03 1.724697680871997463e+01
6.840000000000000000e+03 1.729720393500326736e+01
6.900000000000000000e+03 1.729720393500326736e+01
6.960000000000000000e+03 1.724697680871997463e+01
7.020000000000000000e+03 1.729720393500326736e+01
7.080000000000000000e+03 1.729720393500326736e+01
7.140000000000000000e+03 1.729720393500326736e+01
7.200000000000000000e+03 1.729720393500326736e+01
7.260000000000000000e+03 1.729720393500326736e+01
7.320000000000000000e+03 1.729720393500326736e+01
7.380000000000000000e+03 1.734742012524296229e+01
7.440000000000000000e+03 1.734742012524296229e+01
7.500000000000000000e+03 1.734742012524296229e+01
7.560000000000000000e+03 1.734742012524296229e+01
7.620000000000000000e+03 1.734742012524296229e+01
7.680000000000000000e+03 1.734742012524296229e+01
7.740000000000000000e+03 1.734742012524296229e+01
7.800000000000000000e+03 1.734742012524296229e+01
7.860000000000000000e+03 1.734742012524296229e+01
7.920000000000000000e+03 1.734742012524296229e+01
7.980000000000000000e+03 1.734742012524296229e+01
8.040000000000000000e+03 1.734742012524296229e+01
8.100000000000000000e+03 1.734742012524296229e+01
8.160000000000000000e+03 1.734742012524296229e+01
8.220000000000000000e+03 1.734742012524296229e+01
8.280000000000000000e+03 1.734742012524296229e+01
8.340000000000000000e+03 1.739762550616691783e+01
8.400000000000000000e+03 1.739762550616691783e+01
8.460000000000000000e+03 1.739762550616691783e+01
8.520000000000000000e+03 1.739762550616691783e+01
8.580000000000000000e+03 1.739762550616691783e+01
8.640000000000000000e+03 1.739762550616691783e+01
8.700000000000000000e+03 1.739762550616691783e+01
8.760000000000000000e+03 1.739762550616691783e+01
8.820000000000000000e+03 1.739762550616691783e+01
8.880000000000000000e+03 1.739762550616691783e+01
8.940000000000000000e+03 1.739762550616691783e+01
9.000000000000000000e+03 1.739762550616691783e+01
9.060000000000000000e+03 1.739762550616691783e+01
9.120000000000000000e+03 1.739762550616691783e+01
9.180000000000000000e+03 1.739762550616691783e+01
9.240000000000000000e+03 1.739762550616691783e+01
9.300000000000000000e+03 1.739762550616691783e+01
9.360000000000000000e+03 1.739762550616691783e+01
9.420000000000000000e+03 1.739762550616691783e+01
9.480000000000000000e+03 1.739762550616691783e+01
9.540000000000000000e+03 1.739762550616691783e+01
9.600000000000000000e+03 1.739762550616691783e+01
9.660000000000000000e+03 1.744782020434237779e+01
9.720000000000000000e+03 1.744782020434237779e+01
9.780000000000000000e+03 1.739762550616691783e+01
9.840000000000000000e+03 1.739762550616691783e+01
9.900000000000000000e+03 1.739762550616691783e+01
9.960000000000000000e+03 1.739762550616691783e+01
1.002000000000000000e+04 1.739762550616691783e+01
1.008000000000000000e+04 1.739762550616691783e+01
1.014000000000000000e+04 1.739762550616691783e+01
1.020000000000000000e+04 1.739762550616691783e+01
1.026000000000000000e+04 1.739762550616691783e+01
1.032000000000000000e+04 1.739762550616691783e+01
1.038000000000000000e+04 1.739762550616691783e+01
1.044000000000000000e+04 1.739762550616691783e+01
1.050000000000000000e+04 1.739762550616691783e+01
1.056000000000000000e+04 1.739762550616691783e+01
1.062000000000000000e+04 1.739762550616691783e+01
1.068000000000000000e+04 1.739762550616691783e+01
1.074000000000000000e+04 1.739762550616691783e+01
1.080000000000000000e+04 1.739762550616691783e+01
1.086000000000000000e+04 1.739762550616691783e+01
1.092000000000000000e+04 1.739762550616691783e+01
1.098000000000000000e+04 1.739762550616691783e+01
1.104000000000000000e+04 1.739762550616691783e+01
1.110000000000000000e+04 1.739762550616691783e+01
1.116000000000000000e+04 1.739762550616691783e+01
1.122000000000000000e+04 1.739762550616691783e+01
1.128000000000000000e+04 1.739762550616691783e+01
1.134000000000000000e+04 1.739762550616691783e+01
1.140000000000000000e+04 1.739762550616691783e+01
1.146000000000000000e+04 1.739762550616691783e+01
1.152000000000000000e+04 1.739762550616691783e+01
1.158000000000000000e+04 1.734742012524296229e+01
1.164000000000000000e+04 1.734742012524296229e+01
1.170000000000000000e+04 1.734742012524296229e+01
1.176000000000000000e+04 1.734742012524296229e+01
1.182000000000000000e+04 1.734742012524296229e+01
1.188000000000000000e+04 1.734742012524296229e+01
1.194000000000000000e+04 1.734742012524296229e+01
1.200000000000000000e+04 1.734742012524296229e+01
1.206000000000000000e+04 1.734742012524296229e+01
1.212000000000000000e+04 1.734742012524296229e+01
1.218000000000000000e+04 1.734742012524296229e+01
1.224000000000000000e+04 1.734742012524296229e+01
1.230000000000000000e+04 1.729720393500326736e+01
1.236000000000000000e+04 1.729720393500326736e+01
1.242000000000000000e+04 1.729720393500326736e+01
1.248000000000000000e+04 1.729720393500326736e+01
1.254000000000000000e+04 1.729720393500326736e+01
1.260000000000000000e+04 1.729720393500326736e+01
1.266000000000000000e+04 1.729720393500326736e+01
1.272000000000000000e+04 1.729720393500326736e+01
1.278000000000000000e+04 1.729720393500326736e+01
1.284000000000000000e+04 1.729720393500326736e+01
1.290000000000000000e+04 1.729720393500326736e+01
1.296000000000000000e+04 1.729720393500326736e+01
1.302000000000000000e+04 1.729720393500326736e+01
1.308000000000000000e+04 1.729720393500326736e+01
1.314000000000000000e+04 1.729720393500326736e+01
1.320000000000000000e+04 1.729720393500326736e+01
1.326000000000000000e+04 1.729720393500326736e+01
1.332000000000000000e+04 1.729720393500326736e+01
1.338000000000000000e+04 1.729720393500326736e+01
1.344000000000000000e+04 1.729720393500326736e+01
1.350000000000000000e+04 1.729720393500326736e+01
1.356000000000000000e+04 1.729720393500326736e+01
1.362000000000000000e+04 1.724697680871997463e+01
1.368000000000000000e+04 1.724697680871997463e+01
1.374000000000000000e+04 1.724697680871997463e+01
1.380000000000000000e+04 1.724697680871997463e+01
1.386000000000000000e+04 1.724697680871997463e+01
1.392000000000000000e+04 1.724697680871997463e+01
1.398000000000000000e+04 1.724697680871997463e+01
1.404000000000000000e+04 1.724697680871997463e+01
1.410000000000000000e+04 1.724697680871997463e+01
1.416000000000000000e+04 1.724697680871997463e+01
1.422000000000000000e+04 1.724697680871997463e+01
1.428000000000000000e+04 1.719673861950272453e+01
1.434000000000000000e+04 1.719673861950272453e+01
1.440000000000000000e+04 1.719673861950272453e+01
1.446000000000000000e+04 1.719673861950272453e+01
1.452000000000000000e+04 1.719673861950272453e+01
1.458000000000000000e+04 1.719673861950272453e+01
1.464000000000000000e+04 1.719673861950272453e+01
1.470000000000000000e+04 1.719673861950272453e+01
1.476000000000000000e+04 1.719673861950272453e+01
1.482000000000000000e+04 1.719673861950272453e+01
1.488000000000000000e+04 1.714648924029648924e+01
1.494000000000000000e+04 1.714648924029648924e+01
1.500000000000000000e+04 1.714648924029648924e+01
1.506000000000000000e+04 1.714648924029648924e+01
1.512000000000000000e+04 1.714648924029648924e+01
1.518000000000000000e+04 1.714648924029648924e+01
1.524000000000000000e+04 1.714648924029648924e+01
1.530000000000000000e+04 1.709622854387970392e+01
1.536000000000000000e+04 1.709622854387970392e+01
1.542000000000000000e+04 1.709622854387970392e+01
1.548000000000000000e+04 1.709622854387970392e+01
1.554000000000000000e+04 1.709622854387970392e+01
1.560000000000000000e+04 1.709622854387970392e+01
1.566000000000000000e+04 1.709622854387970392e+01
1.572000000000000000e+04 1.704595640286237312e+01
1.578000000000000000e+04 1.704595640286237312e+01
1.584000000000000000e+04 1.704595640286237312e+01
1.590000000000000000e+04 1.704595640286237312e+01
1.596000000000000000e+04 1.704595640286237312e+01
1.602000000000000000e+04 1.704595640286237312e+01
1.608000000000000000e+04 1.699567268968371536e+01
1.614000000000000000e+04 1.699567268968371536e+01
1.620000000000000000e+04 1.699567268968371536e+01
1.626000000000000000e+04 1.699567268968371536e+01
1.632000000000000000e+04 1.699567268968371536e+01
1.638000000000000000e+04 1.694537727661048265e+01
1.644000000000000000e+04 1.694537727661048265e+01
1.650000000000000000e+04 1.694537727661048265e+01
1.656000000000000000e+04 1.694537727661048265e+01
1.662000000000000000e+04 1.694537727661048265e+01
1.668000000000000000e+04 1.694537727661048265e+01
1.674000000000000000e+04 1.689507003573478983e+01
1.680000000000000000e+04 1.689507003573478983e+01
1.686000000000000000e+04 1.689507003573478983e+01
1.692000000000000000e+04 1.689507003573478983e+01
1.698000000000000000e+04 1.689507003573478983e+01
1.704000000000000000e+04 1.684475083897206105e+01
1.710000000000000000e+04 1.684475083897206105e+01
1.716000000000000000e+04 1.684475083897206105e+01
1.722000000000000000e+04 1.684475083897206105e+01
1.728000000000000000e+04 1.684475083897206105e+01
1.734000000000000000e+04 1.679441955805896214e+01
1.740000000000000000e+04 1.679441955805896214e+01
1.746000000000000000e+04 1.679441955805896214e+01
1.752000000000000000e+04 1.679441955805896214e+01
1.758000000000000000e+04 1.679441955805896214e+01
1.764000000000000000e+04 1.674407606455153541e+01
1.770000000000000000e+04 1.674407606455153541e+01
1.776000000000000000e+04 1.674407606455153541e+01
1.782000000000000000e+04 1.674407606455153541e+01
1.788000000000000000e+04 1.674407606455153541e+01
1.794000000000000000e+04 1.669372022982298276e+01
1.800000000000000000e+04 1.669372022982298276e+01
1.806000000000000000e+04 1.669372022982298276e+01
1.812000000000000000e+04 1.669372022982298276e+01
1.818000000000000000e+04 1.664335192506166550e+01
1.824000000000000000e+04 1.664335192506166550e+01
1.830000000000000000e+04 1.664335192506166550e+01
1.836000000000000000e+04 1.664335192506166550e+01
1.842000000000000000e+04 1.659297102126896206e+01
1.848000000000000000e+04 1.659297102126896206e+01
1.854000000000000000e+04 1.659297102126896206e+01
1.860000000000000000e+04 1.659297102126896206e+01
1.866000000000000000e+04 1.654257738925733179e+01
1.872000000000000000e+04 1.654257738925733179e+01
1.878000000000000000e+04 1.654257738925733179e+01
1.884000000000000000e+04 1.654257738925733179e+01
1.890000000000000000e+04 1.649217089964809801e+01
1.896000000000000000e+04 1.649217089964809801e+01
1.902000000000000000e+04 1.649217089964809801e+01
1.908000000000000000e+04 1.649217089964809801e+01
1.914000000000000000e+04 1.644175142286949054e+01
1.920000000000000000e+04 1.644175142286949054e+01
1.926000000000000000e+04 1.644175142286949054e+01
1.932000000000000000e+04 1.644175142286949054e+01
1.938000000000000000e+04 1.639131882915441452e+01
1.944000000000000000e+04 1.639131882915441452e+01
1.950000000000000000e+04 1.639131882915441452e+01
1.956000000000000000e+04 1.634087298853845027e+01
1.962000000000000000e+04 1.634087298853845027e+01
1.968000000000000000e+04 1.634087298853845027e+01
1.974000000000000000e+04 1.634087298853845027e+01
1.980000000000000000e+04 1.629041377085769327e+01
1.986000000000000000e+04 1.629041377085769327e+01
1.992000000000000000e+04 1.629041377085769327e+01
1.998000000000000000e+04 1.623994104574668995e+01
2.004000000000000000e+04 1.623994104574668995e+01
2.010000000000000000e+04 1.623994104574668995e+01
2.016000000000000000e+04 1.618945468263621024e+01
2.022000000000000000e+04 1.618945468263621024e+01
2.028000000000000000e+04 1.618945468263621024e+01
2.034000000000000000e+04 1.618945468263621024e+01
2.040000000000000000e+04 1.613895455075115137e+01
2.046000000000000000e+04 1.613895455075115137e+01
2.052000000000000000e+04 1.613895455075115137e+01
2.058000000000000000e+04 1.608844051910858752e+01
2.064000000000000000e+04 1.608844051910858752e+01
2.070000000000000000e+04 1.608844051910858752e+01
2.076000000000000000e+04 1.603791245651524378e+01
2.082000000000000000e+04 1.603791245651524378e+01
2.088000000000000000e+04 1.603791245651524378e+01
2.094000000000000000e+04 1.598737023156567538e+01
2.100000000000000000e+04 1.598737023156567538e+01
2.106000000000000000e+04 1.598737023156567538e+01
2.112000000000000000e+04 1.598737023156567538e+01
2.118000000000000000e+04 1.593681371263988922e+01
2.124000000000000000e+04 1.593681371263988922e+01
2.130000000000000000e+04 1.593681371263988922e+01
2.136000000000000000e+04 1.593681371263988922e+01
2.142000000000000000e+04 1.593681371263988922e+01
2.148000000000000000e+04 1.588624276790136491e+01
2.154000000000000000e+04 1.588624276790136491e+01
2.160000000000000000e+04 1.588624276790136491e+01
2.166000000000000000e+04 1.583565726529471362e+01
2.172000000000000000e+04 1.583565726529471362e+01
2.178000000000000000e+04 1.583565726529471362e+01
2.184000000000000000e+04 1.583565726529471362e+01
2.190000000000000000e+04 1.578505707254348067e+01
2.196000000000000000e+04 1.578505707254348067e+01
2.202000000000000000e+04 1.578505707254348067e+01
2.208000000000000000e+04 1.578505707254348067e+01
2.214000000000000000e+04 1.573444205714804411e+01
2.220000000000000000e+04 1.573444205714804411e+01
2.226000000000000000e+04 1.573444205714804411e+01
2.232000000000000000e+04 1.573444205714804411e+01
2.238000000000000000e+04 1.568381208638336943e+01
2.244000000000000000e+04 1.568381208638336943e+01
2.250000000000000000e+04 1.568381208638336943e+01
2.256000000000000000e+04 1.568381208638336943e+01
2.262000000000000000e+04 1.563316702729681928e+01
2.268000000000000000e+04 1.563316702729681928e+01
2.274000000000000000e+04 1.563316702729681928e+01
2.280000000000000000e+04 1.563316702729681928e+01
2.286000000000000000e+04 1.558250674670583180e+01
2.292000000000000000e+04 1.558250674670583180e+01
2.298000000000000000e+04 1.558250674670583180e+01
2.304000000000000000e+04 1.558250674670583180e+01
2.310000000000000000e+04 1.553183111119568593e+01
2.316000000000000000e+04 1.553183111119568593e+01
2.322000000000000000e+04 1.553183111119568593e+01
2.328000000000000000e+04 1.553183111119568593e+01
2.334000000000000000e+04 1.553183111119568593e+01
2.340000000000000000e+04 1.548113998711758832e+01
2.346000000000000000e+04 1.548113998711758832e+01
2.352000000000000000e+04 1.548113998711758832e+01
2.358000000000000000e+04 1.543043324058581334e+01
2.364000000000000000e+04 1.543043324058581334e+01
2.370000000000000000e+04 1.543043324058581334e+01
2.376000000000000000e+04 1.543043324058581334e+01
2.382000000000000000e+04 1.543043324058581334e+01
2.388000000000000000e+04 1.537971073747601558e+01
2.394000000000000000e+04 1.537971073747601558e+01
2.400000000000000000e+04 1.537971073747601558e+01
2.406000000000000000e+04 1.532897234342260617e+01
2.412000000000000000e+04 1.532897234342260617e+01
2.418000000000000000e+04 1.532897234342260617e+01
2.424000000000000000e+04 1.532897234342260617e+01
2.430000000000000000e+04 1.532897234342260617e+01
2.436000000000000000e+04 1.527821792381666910e+01
2.442000000000000000e+04 1.527821792381666910e+01
2.448000000000000000e+04 1.527821792381666910e+01
2.454000000000000000e+04 1.527821792381666910e+01
2.460000000000000000e+04 1.522744734380353293e+01
2.466000000000000000e+04 1.522744734380353293e+01
2.472000000000000000e+04 1.522744734380353293e+01
2.478000000000000000e+04 1.522744734380353293e+01
2.484000000000000000e+04 1.517666046828054505e+01
2.490000000000000000e+04 1.517666046828054505e+01
2.496000000000000000e+04 1.517666046828054505e+01
2.502000000000000000e+04 1.517666046828054505e+01
2.508000000000000000e+04 1.517666046828054505e+01
2.514000000000000000e+04 1.512585716189474283e+01
2.520000000000000000e+04 1.512585716189474283e+01
2.526000000000000000e+04 1.512585716189474283e+01
2.532000000000000000e+04 1.512585716189474283e+01
2.538000000000000000e+04 1.507503728904052487e+01
2.544000000000000000e+04 1.507503728904052487e+01
2.550000000000000000e+04 1.507503728904052487e+01
2.556000000000000000e+04 1.507503728904052487e+01
2.562000000000000000e+04 1.502420071385734168e+01
2.568000000000000000e+04 1.502420071385734168e+01
2.574000000000000000e+04 1.502420071385734168e+01
2.580000000000000000e+04 1.502420071385734168e+01
2.586000000000000000e+04 1.502420071385734168e+01
2.592000000000000000e+04 1.497334730022737581e+01
2.598000000000000000e+04 1.497334730022737581e+01
2.604000000000000000e+04 1.497334730022737581e+01
2.610000000000000000e+04 1.497334730022737581e+01
2.616000000000000000e+04 1.492247691177306024e+01
2.622000000000000000e+04 1.492247691177306024e+01
2.628000000000000000e+04 1.492247691177306024e+01
2.634000000000000000e+04 1.492247691177306024e+01
2.640000000000000000e+04 1.487158941185501071e+01
2.646000000000000000e+04 1.487158941185501071e+01
2.652000000000000000e+04 1.487158941185501071e+01
2.658000000000000000e+04 1.487158941185501071e+01
2.664000000000000000e+04 1.482068466356924041e+01
2.670000000000000000e+04 1.482068466356924041e+01
2.676000000000000000e+04 1.482068466356924041e+01
2.682000000000000000e+04 1.482068466356924041e+01
2.688000000000000000e+04 1.482068466356924041e+01
2.694000000000000000e+04 1.476976252974512427e+01
2.700000000000000000e+04 1.476976252974512427e+01
2.706000000000000000e+04 1.476976252974512427e+01
2.712000000000000000e+04 1.476976252974512427e+01
2.718000000000000000e+04 1.476976252974512427e+01
2.724000000000000000e+04 1.471882287294286407e+01
2.730000000000000000e+04 1.471882287294286407e+01
2.736000000000000000e+04 1.471882287294286407e+01
2.742000000000000000e+04 1.471882287294286407e+01
2.748000000000000000e+04 1.466786555545115789e+01
2.754000000000000000e+04 1.466786555545115789e+01
2.760000000000000000e+04 1.466786555545115789e+01
2.766000000000000000e+04 1.466786555545115789e+01
2.772000000000000000e+04 1.461689043928461551e+01
2.778000000000000000e+04 1.461689043928461551e+01
2.784000000000000000e+04 1.461689043928461551e+01
2.790000000000000000e+04 1.461689043928461551e+01
2.796000000000000000e+04 1.456589738618154684e+01
2.802000000000000000e+04 1.456589738618154684e+01
2.808000000000000000e+04 1.456589738618154684e+01
2.814000000000000000e+04 1.456589738618154684e+01
2.820000000000000000e+04 1.451488625760143236e+01
2.826000000000000000e+04 1.451488625760143236e+01
2.832000000000000000e+04 1.451488625760143236e+01
2.838000000000000000e+04 1.451488625760143236e+01
2.844000000000000000e+04 1.451488625760143236e+01
2.850000000000000000e+04 1.446385691472241142e+01
2.856000000000000000e+04 1.446385691472241142e+01
2.862000000000000000e+04 1.446385691472241142e+01
2.868000000000000000e+04 1.446385691472241142e+01
2.874000000000000000e+04 1.441280921843895158e+01
2.880000000000000000e+04 1.441280921843895158e+01
2.886000000000000000e+04 1.441280921843895158e+01
2.892000000000000000e+04 1.441280921843895158e+01
2.898000000000000000e+04 1.441280921843895158e+01
2.904000000000000000e+04 1.436174302935927649e+01
2.910000000000000000e+04 1.436174302935927649e+01
2.916000000000000000e+04 1.436174302935927649e+01
2.922000000000000000e+04 1.436174302935927649e+01
2.928000000000000000e+04 1.431065820780293052e+01
2.934000000000000000e+04 1.431065820780293052e+01
2.940000000000000000e+04 1.431065820780293052e+01
2.946000000000000000e+04 1.431065820780293052e+01
2.952000000000000000e+04 1.431065820780293052e+01
2.958000000000000000e+04 1.431065820780293052e+01
2.964000000000000000e+04 1.425955461379837352e+01
2.970000000000000000e+04 1.425955461379837352e+01
2.976000000000000000e+04 1.425955461379837352e+01
2.982000000000000000e+04 1.425955461379837352e+01
2.988000000000000000e+04 1.425955461379837352e+01
2.994000000000000000e+04 1.420843210708028614e+01
3.000000000000000000e+04 1.420843210708028614e+01
3.006000000000000000e+04 1.420843210708028614e+01
3.012000000000000000e+04 1.420843210708028614e+01
3.018000000000000000e+04 1.415729054708714507e+01
3.024000000000000000e+04 1.415729054708714507e+01
3.030000000000000000e+04 1.415729054708714507e+01
3.036000000000000000e+04 1.415729054708714507e+01
3.042000000000000000e+04 1.415729054708714507e+01
3.048000000000000000e+04 1.410612979295874148e+01
3.054000000000000000e+04 1.410612979295874148e+01
3.060000000000000000e+04 1.410612979295874148e+01
3.066000000000000000e+04 1.410612979295874148e+01
3.072000000000000000e+04 1.410612979295874148e+01
3.078000000000000000e+04 1.405494970353359463e+01
3.084000000000000000e+04 1.405494970353359463e+01
3.090000000000000000e+04 1.405494970353359463e+01
3.096000000000000000e+04 1.405494970353359463e+01
3.102000000000000000e+04 1.405494970353359463e+01
3.108000000000000000e+04 1.405494970353359463e+01
3.114000000000000000e+04 1.400375013734642948e+01
3.120000000000000000e+04 1.400375013734642948e+01
3.126000000000000000e+04 1.400375013734642948e+01
3.132000000000000000e+04 1.400375013734642948e+01
3.138000000000000000e+04 1.395253095262549436e+01
3.144000000000000000e+04 1.395253095262549436e+01
3.150000000000000000e+04 1.395253095262549436e+01
3.156000000000000000e+04 1.395253095262549436e+01
3.162000000000000000e+04 1.390129200729020553e+01
3.168000000000000000e+04 1.390129200729020553e+01
3.174000000000000000e+04 1.390129200729020553e+01
3.180000000000000000e+04 1.390129200729020553e+01
3.186000000000000000e+04 1.390129200729020553e+01
3.192000000000000000e+04 1.385003315894843645e+01
3.198000000000000000e+04 1.385003315894843645e+01
3.204000000000000000e+04 1.385003315894843645e+01
3.210000000000000000e+04 1.385003315894843645e+01
3.216000000000000000e+04 1.385003315894843645e+01
3.222000000000000000e+04 1.379875426489374313e+01
3.228000000000000000e+04 1.379875426489374313e+01
3.234000000000000000e+04 1.379875426489374313e+01
3.240000000000000000e+04 1.379875426489374313e+01
3.246000000000000000e+04 1.379875426489374313e+01
3.252000000000000000e+04 1.374745518210309569e+01
3.258000000000000000e+04 1.374745518210309569e+01
3.264000000000000000e+04 1.374745518210309569e+01
3.270000000000000000e+04 1.374745518210309569e+01
3.276000000000000000e+04 1.374745518210309569e+01
3.282000000000000000e+04 1.369613576723389947e+01
3.288000000000000000e+04 1.369613576723389947e+01
3.294000000000000000e+04 1.369613576723389947e+01
3.300000000000000000e+04 1.369613576723389947e+01
3.306000000000000000e+04 1.369613576723389947e+01
3.312000000000000000e+04 1.364479587662171589e+01
3.318000000000000000e+04 1.364479587662171589e+01
3.324000000000000000e+04 1.364479587662171589e+01
3.330000000000000000e+04 1.364479587662171589e+01
3.336000000000000000e+04 1.364479587662171589e+01
3.342000000000000000e+04 1.359343536627719473e+01
3.348000000000000000e+04 1.359343536627719473e+01
3.354000000000000000e+04 1.359343536627719473e+01
3.360000000000000000e+04 1.359343536627719473e+01
3.366000000000000000e+04 1.359343536627719473e+01
3.372000000000000000e+04 1.354205409188384124e+01
3.378000000000000000e+04 1.354205409188384124e+01
3.384000000000000000e+04 1.354205409188384124e+01
3.390000000000000000e+04 1.354205409188384124e+01
3.396000000000000000e+04 1.354205409188384124e+01
3.402000000000000000e+04 1.354205409188384124e+01
3.408000000000000000e+04 1.349065190879505671e+01
3.414000000000000000e+04 1.349065190879505671e+01
3.420000000000000000e+04 1.349065190879505671e+01
3.426000000000000000e+04 1.349065190879505671e+01
3.432000000000000000e+04 1.349065190879505671e+01
3.438000000000000000e+04 1.343922867203133542e+01
3.444000000000000000e+04 1.343922867203133542e+01
3.450000000000000000e+04 1.343922867203133542e+01
3.456000000000000000e+04 1.343922867203133542e+01
3.462000000000000000e+04 1.343922867203133542e+01
3.468000000000000000e+04 1.343922867203133542e+01
3.474000000000000000e+04 1.338778423627792513e+01
3.480000000000000000e+04 1.338778423627792513e+01
3.486000000000000000e+04 1.338778423627792513e+01
3.492000000000000000e+04 1.338778423627792513e+01
3.498000000000000000e+04 1.338778423627792513e+01
3.504000000000000000e+04 1.338778423627792513e+01
3.510000000000000000e+04 1.333631845588186415e+01
3.516000000000000000e+04 1.333631845588186415e+01
3.522000000000000000e+04 1.333631845588186415e+01
3.528000000000000000e+04 1.333631845588186415e+01
3.534000000000000000e+04 1.333631845588186415e+01
3.540000000000000000e+04 1.328483118484922443e+01
3.546000000000000000e+04 1.328483118484922443e+01
3.552000000000000000e+04 1.328483118484922443e+01
3.558000000000000000e+04 1.328483118484922443e+01
3.564000000000000000e+04 1.328483118484922443e+01
3.570000000000000000e+04 1.323332227684252693e+01
3.576000000000000000e+04 1.323332227684252693e+01
3.582000000000000000e+04 1.323332227684252693e+01
3.588000000000000000e+04 1.323332227684252693e+01
3.594000000000000000e+04 1.323332227684252693e+01
3.600000000000000000e+04 1.323332227684252693e+01
3.606000000000000000e+04 1.318179158517764726e+01
3.612000000000000000e+04 1.318179158517764726e+01
3.618000000000000000e+04 1.318179158517764726e+01
3.624000000000000000e+04 1.318179158517764726e+01
3.630000000000000000e+04 1.318179158517764726e+01
3.636000000000000000e+04 1.313023896282155079e+01
3.642000000000000000e+04 1.313023896282155079e+01
3.648000000000000000e+04 1.313023896282155079e+01
3.654000000000000000e+04 1.313023896282155079e+01
3.660000000000000000e+04 1.313023896282155079e+01
3.666000000000000000e+04 1.313023896282155079e+01
3.672000000000000000e+04 1.307866426238899393e+01
3.678000000000000000e+04 1.307866426238899393e+01
3.684000000000000000e+04 1.307866426238899393e+01
3.690000000000000000e+04 1.307866426238899393e+01
3.696000000000000000e+04 1.307866426238899393e+01
3.702000000000000000e+04 1.302706733613999113e+01
3.708000000000000000e+04 1.302706733613999113e+01
3.714000000000000000e+04 1.302706733613999113e+01
3.720000000000000000e+04 1.302706733613999113e+01
3.726000000000000000e+04 1.302706733613999113e+01
3.732000000000000000e+04 1.302706733613999113e+01
3.738000000000000000e+04 1.297544803597696728e+01
3.744000000000000000e+04 1.297544803597696728e+01
3.750000000000000000e+04 1.297544803597696728e+01
3.756000000000000000e+04 1.297544803597696728e+01
3.762000000000000000e+04 1.297544803597696728e+01
3.768000000000000000e+04 1.297544803597696728e+01
3.774000000000000000e+04 1.292380621344179303e+01
3.780000000000000000e+04 1.292380621344179303e+01
3.786000000000000000e+04 1.292380621344179303e+01
3.792000000000000000e+04 1.292380621344179303e+01
3.798000000000000000e+04 1.292380621344179303e+01
3.804000000000000000e+04 1.292380621344179303e+01
3.810000000000000000e+04 1.287214171971305454e+01
3.816000000000000000e+04 1.287214171971305454e+01
3.822000000000000000e+04 1.287214171971305454e+01
3.828000000000000000e+04 1.287214171971305454e+01
3.834000000000000000e+04 1.287214171971305454e+01
3.840000000000000000e+04 1.287214171971305454e+01
3.846000000000000000e+04 1.282045440560321481e+01
3.852000000000000000e+04 1.282045440560321481e+01
3.858000000000000000e+04 1.282045440560321481e+01
3.864000000000000000e+04 1.282045440560321481e+01
3.870000000000000000e+04 1.282045440560321481e+01
3.876000000000000000e+04 1.282045440560321481e+01
3.882000000000000000e+04 1.276874412155555483e+01
3.888000000000000000e+04 1.276874412155555483e+01
3.894000000000000000e+04 1.276874412155555483e+01
3.900000000000000000e+04 1.276874412155555483e+01
3.906000000000000000e+04 1.276874412155555483e+01
3.912000000000000000e+04 1.276874412155555483e+01
3.918000000000000000e+04 1.271701071764135804e+01
3.924000000000000000e+04 1.271701071764135804e+01
3.930000000000000000e+04 1.271701071764135804e+01
3.936000000000000000e+04 1.271701071764135804e+01
3.942000000000000000e+04 1.271701071764135804e+01
3.948000000000000000e+04 1.266525404355706996e+01
3.954000000000000000e+04 1.266525404355706996e+01
3.960000000000000000e+04 1.266525404355706996e+01
3.966000000000000000e+04 1.266525404355706996e+01
3.972000000000000000e+04 1.266525404355706996e+01
3.978000000000000000e+04 1.266525404355706996e+01
3.984000000000000000e+04 1.261347394862139026e+01
3.990000000000000000e+04 1.261347394862139026e+01
3.996000000000000000e+04 1.261347394862139026e+01
4.002000000000000000e+04 1.261347394862139026e+01
4.008000000000000000e+04 1.261347394862139026e+01
4.014000000000000000e+04 1.261347394862139026e+01
4.020000000000000000e+04 1.256167028177205403e+01
4.026000000000000000e+04 1.256167028177205403e+01
4.032000000000000000e+04 1.256167028177205403e+01
4.038000000000000000e+04 1.256167028177205403e+01
4.044000000000000000e+04 1.256167028177205403e+01
4.050000000000000000e+04 1.256167028177205403e+01
4.056000000000000000e+04 1.250984289156315299e+01
4.062000000000000000e+04 1.250984289156315299e+01
4.068000000000000000e+04 1.250984289156315299e+01
4.074000000000000000e+04 1.250984289156315299e+01
4.080000000000000000e+04 1.250984289156315299e+01
4.086000000000000000e+04 1.250984289156315299e+01
4.092000000000000000e+04 1.245799162616211397e+01
4.098000000000000000e+04 1.245799162616211397e+01
4.104000000000000000e+04 1.245799162616211397e+01
4.110000000000000000e+04 1.245799162616211397e+01
4.116000000000000000e+04 1.245799162616211397e+01
4.122000000000000000e+04 1.245799162616211397e+01
4.128000000000000000e+04 1.240611633334646058e+01
4.134000000000000000e+04 1.240611633334646058e+01
4.140000000000000000e+04 1.240611633334646058e+01
4.146000000000000000e+04 1.240611633334646058e+01
4.152000000000000000e+04 1.240611633334646058e+01
4.158000000000000000e+04 1.240611633334646058e+01
4.164000000000000000e+04 1.240611633334646058e+01
4.170000000000000000e+04 1.235421686050122503e+01
4.176000000000000000e+04 1.235421686050122503e+01
4.182000000000000000e+04 1.235421686050122503e+01
4.188000000000000000e+04 1.235421686050122503e+01
4.194000000000000000e+04 1.235421686050122503e+01
4.200000000000000000e+04 1.235421686050122503e+01
4.206000000000000000e+04 1.235421686050122503e+01
4.212000000000000000e+04 1.230229305461543099e+01
4.218000000000000000e+04 1.230229305461543099e+01
4.224000000000000000e+04 1.230229305461543099e+01
4.230000000000000000e+04 1.230229305461543099e+01
4.236000000000000000e+04 1.230229305461543099e+01
4.242000000000000000e+04 1.230229305461543099e+01
4.248000000000000000e+04 1.225034476227943969e+01
4.254000000000000000e+04 1.225034476227943969e+01
4.260000000000000000e+04 1.225034476227943969e+01
4.266000000000000000e+04 1.225034476227943969e+01
4.272000000000000000e+04 1.225034476227943969e+01
4.278000000000000000e+04 1.225034476227943969e+01
4.284000000000000000e+04 1.219837182968166189e+01
4.290000000000000000e+04 1.219837182968166189e+01
4.296000000000000000e+04 1.219837182968166189e+01
4.302000000000000000e+04 1.219837182968166189e+01
4.308000000000000000e+04 1.219837182968166189e+01
4.314000000000000000e+04 1.219837182968166189e+01
4.320000000000000000e+04 1.214637410260559136e+01
4.326000000000000000e+04 1.214637410260559136e+01
4.332000000000000000e+04 1.214637410260559136e+01
4.338000000000000000e+04 1.214637410260559136e+01
4.344000000000000000e+04 1.214637410260559136e+01
4.350000000000000000e+04 1.214637410260559136e+01
4.356000000000000000e+04 1.214637410260559136e+01
4.362000000000000000e+04 1.209435142642663941e+01
4.368000000000000000e+04 1.209435142642663941e+01
4.374000000000000000e+04 1.209435142642663941e+01
4.380000000000000000e+04 1.209435142642663941e+01
4.386000000000000000e+04 1.209435142642663941e+01
4.392000000000000000e+04 1.209435142642663941e+01
4.398000000000000000e+04 1.209435142642663941e+01
4.404000000000000000e+04 1.204230364610898896e+01
4.410000000000000000e+04 1.204230364610898896e+01
4.416000000000000000e+04 1.204230364610898896e+01
4.422000000000000000e+04 1.202359565932937358e+01
4.428000000000000000e+04 1.202359565932937358e+01
4.434000000000000000e+04 1.197153953950709138e+01
4.440000000000000000e+04 1.199023060620257120e+01
4.446000000000000000e+04 1.199023060620257120e+01
4.452000000000000000e+04 1.199023060620257120e+01
4.458000000000000000e+04 1.199023060620257120e+01
4.464000000000000000e+04 1.199023060620257120e+01
4.470000000000000000e+04 1.193813215083980594e+01
4.476000000000000000e+04 1.193813215083980594e+01
4.482000000000000000e+04 1.193813215083980594e+01
4.488000000000000000e+04 1.193813215083980594e+01
4.494000000000000000e+04 1.193813215083980594e+01
4.500000000000000000e+04 1.193813215083980594e+01
4.506000000000000000e+04 1.188600812373246463e+01
4.512000000000000000e+04 1.188600812373246463e+01
4.518000000000000000e+04 1.188600812373246463e+01
4.524000000000000000e+04 1.188600812373246463e+01
4.530000000000000000e+04 1.188600812373246463e+01
4.536000000000000000e+04 1.188600812373246463e+01
4.542000000000000000e+04 1.183385836816850656e+01
4.548000000000000000e+04 1.183385836816850656e+01
4.554000000000000000e+04 1.181521787858574157e+01
4.560000000000000000e+04 1.183385836816850656e+01
4.566000000000000000e+04 1.183385836816850656e+01
4.572000000000000000e+04 1.178168272700884067e+01
4.578000000000000000e+04 1.176305903569212497e+01
4.584000000000000000e+04 1.178168272700884067e+01
4.590000000000000000e+04 1.178168272700884067e+01
4.596000000000000000e+04 1.178168272700884067e+01
4.602000000000000000e+04 1.176305903569212497e+01
4.608000000000000000e+04 1.178168272700884067e+01
4.614000000000000000e+04 1.178168272700884067e+01
4.620000000000000000e+04 1.172948104268405523e+01
4.626000000000000000e+04 1.172948104268405523e+01
4.632000000000000000e+04 1.172948104268405523e+01
4.638000000000000000e+04 1.172948104268405523e+01
4.644000000000000000e+04 1.172948104268405523e+01
4.650000000000000000e+04 1.172948104268405523e+01
4.656000000000000000e+04 1.171087411938444411e+01
4.662000000000000000e+04 1.165866297174150468e+01
4.668000000000000000e+04 1.167725315719130208e+01
4.674000000000000000e+04 1.167725315719130208e+01
4.680000000000000000e+04 1.165866297174150468e+01
4.686000000000000000e+04 1.167725315719130208e+01
4.692000000000000000e+04 1.167725315719130208e+01
4.698000000000000000e+04 1.162499891209088609e+01
4.704000000000000000e+04 1.162499891209088609e+01
4.710000000000000000e+04 1.162499891209088609e+01
4.716000000000000000e+04 1.162499891209088609e+01
4.722000000000000000e+04 1.160642543440488517e+01
4.728000000000000000e+04 1.162499891209088609e+01
4.734000000000000000e+04 1.160642543440488517e+01
4.740000000000000000e+04 1.162499891209088609e+01
4.746000000000000000e+04 1.157271814850307301e+01
4.752000000000000000e+04 1.157271814850307301e+01
4.758000000000000000e+04 1.157271814850307301e+01
4.764000000000000000e+04 1.155416134857597399e+01
4.770000000000000000e+04 1.157271814850307301e+01
4.776000000000000000e+04 1.155416134857597399e+01
4.782000000000000000e+04 1.152041070710475879e+01
4.788000000000000000e+04 1.150187055501228883e+01
4.794000000000000000e+04 1.152041070710475879e+01
4.800000000000000000e+04 1.152041070710475879e+01
4.806000000000000000e+04 1.152041070710475879e+01
4.812000000000000000e+04 1.152041070710475879e+01
4.818000000000000000e+04 1.152041070710475879e+01
4.824000000000000000e+04 1.146807642812612471e+01
4.830000000000000000e+04 1.146807642812612471e+01
4.836000000000000000e+04 1.144955289402460608e+01
4.842000000000000000e+04 1.146807642812612471e+01
4.848000000000000000e+04 1.144955289402460608e+01
4.854000000000000000e+04 1.146807642812612471e+01
4.860000000000000000e+04 1.146807642812612471e+01
4.866000000000000000e+04 1.144955289402460608e+01
4.872000000000000000e+04 1.141571515134728365e+01
4.878000000000000000e+04 1.141571515134728365e+01
4.884000000000000000e+04 1.141571515134728365e+01
4.890000000000000000e+04 1.141571515134728365e+01
4.896000000000000000e+04 1.141571515134728365e+01
4.902000000000000000e+04 1.139720820547316293e+01
4.908000000000000000e+04 1.141571515134728365e+01
4.914000000000000000e+04 1.141571515134728365e+01
4.920000000000000000e+04 1.136332671609500622e+01
4.926000000000000000e+04 1.136332671609500622e+01
4.932000000000000000e+04 1.136332671609500622e+01
4.938000000000000000e+04 1.136332671609500622e+01
4.944000000000000000e+04 1.136332671609500622e+01
4.950000000000000000e+04 1.136332671609500622e+01
4.956000000000000000e+04 1.134483632876464299e+01
4.962000000000000000e+04 1.136332671609500622e+01
4.968000000000000000e+04 1.136332671609500622e+01
4.974000000000000000e+04 1.131091096123921425e+01
4.980000000000000000e+04 1.131091096123921425e+01
4.986000000000000000e+04 1.131091096123921425e+01
4.992000000000000000e+04 1.131091096123921425e+01
4.998000000000000000e+04 1.131091096123921425e+01
5.004000000000000000e+04 1.131091096123921425e+01
5.010000000000000000e+04 1.131091096123921425e+01
5.016000000000000000e+04 1.131091096123921425e+01
5.022000000000000000e+04 1.125846772518969097e+01
5.028000000000000000e+04 1.125846772518969097e+01
5.034000000000000000e+04 1.125846772518969097e+01
5.040000000000000000e+04 1.125846772518969097e+01
5.046000000000000000e+04 1.124001036621396743e+01
5.052000000000000000e+04 1.125846772518969097e+01
5.058000000000000000e+04 1.125846772518969097e+01
5.064000000000000000e+04 1.125846772518969097e+01
5.070000000000000000e+04 1.125846772518969097e+01
5.076000000000000000e+04 1.125846772518969097e+01
5.082000000000000000e+04 1.125846772518969097e+01
5.088000000000000000e+04 1.125846772518969097e+01
5.094000000000000000e+04 1.120599684589251233e+01
5.100000000000000000e+04 1.120599684589251233e+01
5.106000000000000000e+04 1.120599684589251233e+01
5.112000000000000000e+04 1.120599684589251233e+01
5.118000000000000000e+04 1.118755595688608828e+01
5.124000000000000000e+04 1.120599684589251233e+01
5.130000000000000000e+04 1.118755595688608828e+01
5.136000000000000000e+04 1.118755595688608828e+01
5.142000000000000000e+04 1.120599684589251233e+01
5.148000000000000000e+04 1.120599684589251233e+01
5.154000000000000000e+04 1.118755595688608828e+01
5.160000000000000000e+04 1.120599684589251233e+01
5.166000000000000000e+04 1.113507371242272370e+01
5.172000000000000000e+04 1.113507371242272370e+01
5.178000000000000000e+04 1.113507371242272370e+01
5.184000000000000000e+04 1.115349816082684242e+01
5.190000000000000000e+04 1.115349816082684242e+01
5.196000000000000000e+04 1.113507371242272370e+01
5.202000000000000000e+04 1.115349816082684242e+01
5.208000000000000000e+04 1.115349816082684242e+01
5.214000000000000000e+04 1.113507371242272370e+01
5.220000000000000000e+04 1.115349816082684242e+01
5.226000000000000000e+04 1.108256346991089636e+01
5.232000000000000000e+04 1.108256346991089636e+01
5.238000000000000000e+04 1.108256346991089636e+01
5.244000000000000000e+04 1.110097150700113211e+01
5.250000000000000000e+04 1.108256346991089636e+01
5.256000000000000000e+04 1.108256346991089636e+01
5.262000000000000000e+04 1.110097150700113211e+01
5.268000000000000000e+04 1.103002506596331678e+01
5.274000000000000000e+04 1.103002506596331678e+01
5.280000000000000000e+04 1.104841672094994287e+01
5.286000000000000000e+04 1.104841672094994287e+01
5.292000000000000000e+04 1.104841672094994287e+01
5.298000000000000000e+04 1.104315968876480625e+01
5.304000000000000000e+04 1.104315968876480625e+01
5.310000000000000000e+04 1.103264477485373796e+01
5.316000000000000000e+04 1.101425802881380100e+01
5.322000000000000000e+04 1.102738689279928153e+01
5.328000000000000000e+04 1.102212872712641634e+01
5.334000000000000000e+04 1.099323133941530450e+01
5.340000000000000000e+04 1.100635252675314923e+01
5.346000000000000000e+04 1.098271628895838781e+01
5.352000000000000000e+04 1.097220009957536035e+01
5.358000000000000000e+04 1.097220009957536035e+01
5.364000000000000000e+04 1.098531361228535097e+01
5.370000000000000000e+04 1.098005317174278339e+01
5.376000000000000000e+04 1.096953143519366058e+01
5.382000000000000000e+04 1.096427013885732826e+01
5.388000000000000000e+04 1.095900855692664777e+01
5.394000000000000000e+04 1.095900855692664777e+01
5.400000000000000000e+04 1.093538444867502513e+01
5.406000000000000000e+04 1.094322209591808814e+01
5.412000000000000000e+04 1.093795936995951656e+01
5.418000000000000000e+04 1.093795936995951656e+01
5.424000000000000000e+04 1.093269635758113623e+01
5.430000000000000000e+04 1.093269635758113623e+01
5.436000000000000000e+04 1.092216947290413209e+01
5.442000000000000000e+04 1.091690560027484480e+01
5.448000000000000000e+04 1.091164144056457985e+01
5.454000000000000000e+04 1.091164144056457985e+01
5.460000000000000000e+04 1.088276631940638772e+01
5.466000000000000000e+04 1.089584723729353755e+01
5.472000000000000000e+04 1.089584723729353755e+01
5.478000000000000000e+04 1.089058192760467314e+01
5.484000000000000000e+04 1.088005044433549706e+01
5.490000000000000000e+04 1.088005044433549706e+01
5.496000000000000000e+04 1.087478427042384332e+01
5.502000000000000000e+04 1.087478427042384332e+01
5.508000000000000000e+04 1.086951780810650803e+01
5.514000000000000000e+04 1.084065109751807654e+01
5.520000000000000000e+04 1.084065109751807654e+01
5.526000000000000000e+04 1.085371668906168452e+01
5.532000000000000000e+04 1.083011940344258051e+01
5.538000000000000000e+04 1.081958655127235147e+01
5.544000000000000000e+04 1.083791296839308416e+01
5.550000000000000000e+04 1.083264448259012624e+01
5.556000000000000000e+04 1.082737570705350372e+01
5.562000000000000000e+04 1.081683728611454676e+01
5.568000000000000000e+04 1.081156764037961970e+01
5.574000000000000000e+04 1.081156764037961970e+01
5.580000000000000000e+04 1.080629770424596359e+01
5.586000000000000000e+04 1.080629770424596359e+01
5.592000000000000000e+04 1.078271242949909947e+01
5.598000000000000000e+04 1.079048615178806081e+01
5.604000000000000000e+04 1.077217434945612240e+01
5.610000000000000000e+04 1.076690487248950490e+01
5.616000000000000000e+04 1.078521505239478806e+01
5.622000000000000000e+04 1.076163510400414225e+01
5.628000000000000000e+04 1.076940000616048110e+01
5.634000000000000000e+04 1.076940000616048110e+01
5.640000000000000000e+04 1.076412774084190183e+01
5.646000000000000000e+04 1.076412774084190183e+01
5.652000000000000000e+04 1.074582404776941758e+01
5.658000000000000000e+04 1.075885518362502857e+01
5.664000000000000000e+04 1.074055311154265091e+01
5.670000000000000000e+04 1.074830919282922537e+01
5.676000000000000000e+04 1.073001036186582446e+01
5.682000000000000000e+04 1.074303575891636342e+01
5.688000000000000000e+04 1.074303575891636342e+01
5.694000000000000000e+04 1.074303575891636342e+01
5.700000000000000000e+04 1.074303575891636342e+01
5.706000000000000000e+04 1.073776203243755667e+01
5.712000000000000000e+04 1.073776203243755667e+01
5.718000000000000000e+04 1.071946644144540350e+01
5.724000000000000000e+04 1.071946644144540350e+01
5.730000000000000000e+04 1.073776203243755667e+01
5.736000000000000000e+04 1.073776203243755667e+01
5.742000000000000000e+04 1.072721370111375272e+01
5.748000000000000000e+04 1.072721370111375272e+01
5.754000000000000000e+04 1.070892134894577907e+01
5.760000000000000000e+04 1.072721370111375272e+01
5.766000000000000000e+04 1.070892134894577907e+01
5.772000000000000000e+04 1.070892134894577907e+01
5.778000000000000000e+04 1.070892134894577907e+01
5.784000000000000000e+04 1.072721370111375272e+01
5.790000000000000000e+04 1.070892134894577907e+01
5.796000000000000000e+04 1.070892134894577907e+01
5.802000000000000000e+04 1.070892134894577907e+01
5.808000000000000000e+04 1.072721370111375272e+01
5.814000000000000000e+04 1.070892134894577907e+01
5.820000000000000000e+04 1.070892134894577907e+01
5.826000000000000000e+04 1.071946644144540350e+01
5.832000000000000000e+04 1.071946644144540350e+01
5.838000000000000000e+04 1.071946644144540350e+01
5.844000000000000000e+04 1.071946644144540350e+01
5.850000000000000000e+04 1.071946644144540350e+01
5.856000000000000000e+04 1.071946644144540350e+01
5.862000000000000000e+04 1.072473854808202987e+01
5.868000000000000000e+04 1.072473854808202987e+01
5.874000000000000000e+04 1.072473854808202987e+01
5.880000000000000000e+04 1.074303575891636342e+01
5.886000000000000000e+04 1.073001036186582446e+01
5.892000000000000000e+04 1.073001036186582446e+01
5.898000000000000000e+04 1.074830919282922537e+01
5.904000000000000000e+04 1.073001036186582446e+01
5.910000000000000000e+04 1.074055311154265091e+01
5.916000000000000000e+04 1.074055311154265091e+01
5.922000000000000000e+04 1.074055311154265091e+01
5.928000000000000000e+04 1.074582404776941758e+01
5.934000000000000000e+04 1.076412774084190183e+01
5.940000000000000000e+04 1.076412774084190183e+01
5.946000000000000000e+04 1.076940000616048110e+01
5.952000000000000000e+04 1.076940000616048110e+01
5.958000000000000000e+04 1.077467197974766577e+01
5.964000000000000000e+04 1.077467197974766577e+01
5.970000000000000000e+04 1.077467197974766577e+01
5.976000000000000000e+04 1.078521505239478806e+01
5.982000000000000000e+04 1.078521505239478806e+01
5.988000000000000000e+04 1.078521505239478806e+01
5.994000000000000000e+04 1.079048615178806081e+01
6.000000000000000000e+04 1.079048615178806081e+01
6.006000000000000000e+04 1.079575696011664832e+01
6.012000000000000000e+04 1.079575696011664832e+01
6.018000000000000000e+04 1.079575696011664832e+01
6.024000000000000000e+04 1.080102747754710713e+01
6.030000000000000000e+04 1.080102747754710713e+01
6.036000000000000000e+04 1.081156764037961970e+01
6.042000000000000000e+04 1.079324934546477266e+01
6.048000000000000000e+04 1.081156764037961970e+01
6.054000000000000000e+04 1.081683728611454676e+01
6.060000000000000000e+04 1.081683728611454676e+01
6.066000000000000000e+04 1.082210664161706859e+01
6.072000000000000000e+04 1.082210664161706859e+01
6.078000000000000000e+04 1.083264448259012624e+01
6.084000000000000000e+04 1.083264448259012624e+01
6.090000000000000000e+04 1.083791296839308416e+01
6.096000000000000000e+04 1.083791296839308416e+01
6.102000000000000000e+04 1.082485312220228479e+01
6.108000000000000000e+04 1.085371668906168452e+01
6.114000000000000000e+04 1.085371668906168452e+01
6.120000000000000000e+04 1.085898401759129683e+01
6.126000000000000000e+04 1.085898401759129683e+01
6.132000000000000000e+04 1.086425105721758833e+01
6.138000000000000000e+04 1.086951780810650803e+01
6.144000000000000000e+04 1.088005044433549706e+01
6.150000000000000000e+04 1.088531633000721222e+01
6.156000000000000000e+04 1.088531633000721222e+01
6.162000000000000000e+04 1.089058192760467314e+01
6.168000000000000000e+04 1.090111225923945426e+01
6.174000000000000000e+04 1.090111225923945426e+01
6.180000000000000000e+04 1.090637699360794954e+01
6.186000000000000000e+04 1.091164144056457985e+01
6.192000000000000000e+04 1.092216947290413209e+01
6.198000000000000000e+04 1.092743305861779213e+01
6.204000000000000000e+04 1.093269635758113623e+01
6.210000000000000000e+04 1.093269635758113623e+01
6.216000000000000000e+04 1.094322209591808814e+01
6.222000000000000000e+04 1.094848453562207169e+01
6.228000000000000000e+04 1.095374668923653871e+01
6.234000000000000000e+04 1.096427013885732826e+01
6.240000000000000000e+04 1.095900855692664777e+01
6.246000000000000000e+04 1.096953143519366058e+01
6.252000000000000000e+04 1.097479244610053861e+01
6.258000000000000000e+04 1.098005317174278339e+01
6.264000000000000000e+04 1.099057376789292562e+01
6.270000000000000000e+04 1.099583363873031772e+01
6.276000000000000000e+04 1.100109322496214936e+01
6.282000000000000000e+04 1.101161154426779198e+01
6.288000000000000000e+04 1.101687027767073168e+01
6.294000000000000000e+04 1.102212872712641634e+01
6.300000000000000000e+04 1.103264477485373796e+01
6.306000000000000000e+04 1.103790237345416081e+01
6.312000000000000000e+04 1.104315968876480625e+01
6.318000000000000000e+04 1.104841672094994287e+01
6.324000000000000000e+04 1.104841672094994287e+01
6.330000000000000000e+04 1.104841672094994287e+01
6.336000000000000000e+04 1.104841672094994287e+01
6.342000000000000000e+04 1.110097150700113211e+01
6.348000000000000000e+04 1.110097150700113211e+01
6.354000000000000000e+04 1.110097150700113211e+01
6.360000000000000000e+04 1.110097150700113211e+01
6.366000000000000000e+04 1.110097150700113211e+01
6.372000000000000000e+04 1.110097150700113211e+01
6.378000000000000000e+04 1.110097150700113211e+01
6.384000000000000000e+04 1.115349816082684242e+01
6.390000000000000000e+04 1.115349816082684242e+01
6.396000000000000000e+04 1.115349816082684242e+01
6.402000000000000000e+04 1.115349816082684242e+01
6.408000000000000000e+04 1.115349816082684242e+01
6.414000000000000000e+04 1.120599684589251233e+01
6.420000000000000000e+04 1.120599684589251233e+01
6.426000000000000000e+04 1.120599684589251233e+01
6.432000000000000000e+04 1.120599684589251233e+01
6.438000000000000000e+04 1.120599684589251233e+01
6.444000000000000000e+04 1.120599684589251233e+01
6.450000000000000000e+04 1.124001036621396743e+01
6.456000000000000000e+04 1.125846772518969097e+01
6.462000000000000000e+04 1.125846772518969097e+01
6.468000000000000000e+04 1.125846772518969097e+01
6.474000000000000000e+04 1.125846772518969097e+01
6.480000000000000000e+04 1.131091096123921425e+01
6.486000000000000000e+04 1.131091096123921425e+01
6.492000000000000000e+04 1.131091096123921425e+01
6.498000000000000000e+04 1.131091096123921425e+01
6.504000000000000000e+04 1.131091096123921425e+01
6.510000000000000000e+04 1.136332671609500622e+01
6.516000000000000000e+04 1.136332671609500622e+01
6.522000000000000000e+04 1.136332671609500622e+01
6.528000000000000000e+04 1.136332671609500622e+01
6.534000000000000000e+04 1.141571515134728365e+01
6.540000000000000000e+04 1.141571515134728365e+01
6.546000000000000000e+04 1.141571515134728365e+01
6.552000000000000000e+04 1.141571515134728365e+01
6.558000000000000000e+04 1.141571515134728365e+01
6.564000000000000000e+04 1.146807642812612471e+01
6.570000000000000000e+04 1.146807642812612471e+01
6.576000000000000000e+04 1.146807642812612471e+01
6.582000000000000000e+04 1.146807642812612471e+01
6.588000000000000000e+04 1.152041070710475879e+01
6.594000000000000000e+04 1.152041070710475879e+01
6.600000000000000000e+04 1.152041070710475879e+01
6.606000000000000000e+04 1.152041070710475879e+01
6.612000000000000000e+04 1.157271814850307301e+01
6.618000000000000000e+04 1.157271814850307301e+01
6.624000000000000000e+04 1.157271814850307301e+01
6.630000000000000000e+04 1.157271814850307301e+01
6.636000000000000000e+04 1.162499891209088609e+01
6.642000000000000000e+04 1.162499891209088609e+01
6.648000000000000000e+04 1.162499891209088609e+01
6.654000000000000000e+04 1.162499891209088609e+01
6.660000000000000000e+04 1.167725315719130208e+01
6.666000000000000000e+04 1.167725315719130208e+01
6.672000000000000000e+04 1.167725315719130208e+01
6.678000000000000000e+04 1.172948104268405523e+01
6.684000000000000000e+04 1.172948104268405523e+01
6.690000000000000000e+04 1.172948104268405523e+01
6.696000000000000000e+04 1.178168272700884067e+01
6.702000000000000000e+04 1.178168272700884067e+01
6.708000000000000000e+04 1.178168272700884067e+01
6.714000000000000000e+04 1.183385836816850656e+01
6.720000000000000000e+04 1.183385836816850656e+01
6.726000000000000000e+04 1.183385836816850656e+01
6.732000000000000000e+04 1.188600812373246463e+01
6.738000000000000000e+04 1.188600812373246463e+01
6.744000000000000000e+04 1.188600812373246463e+01
6.750000000000000000e+04 1.193813215083980594e+01
6.756000000000000000e+04 1.193813215083980594e+01
6.762000000000000000e+04 1.193813215083980594e+01
6.768000000000000000e+04 1.199023060620257120e+01
6.774000000000000000e+04 1.199023060620257120e+01
6.780000000000000000e+04 1.204230364610898896e+01
6.786000000000000000e+04 1.204230364610898896e+01
6.792000000000000000e+04 1.204230364610898896e+01
6.798000000000000000e+04 1.209435142642663941e+01
6.804000000000000000e+04 1.209435142642663941e+01
6.810000000000000000e+04 1.209435142642663941e+01
6.816000000000000000e+04 1.214637410260559136e+01
6.822000000000000000e+04 1.214637410260559136e+01
6.828000000000000000e+04 1.219837182968166189e+01
6.834000000000000000e+04 1.219837182968166189e+01
6.840000000000000000e+04 1.219837182968166189e+01
6.846000000000000000e+04 1.225034476227943969e+01
6.852000000000000000e+04 1.225034476227943969e+01
6.858000000000000000e+04 1.230229305461543099e+01
6.864000000000000000e+04 1.230229305461543099e+01
6.870000000000000000e+04 1.230229305461543099e+01
6.876000000000000000e+04 1.235421686050122503e+01
6.882000000000000000e+04 1.235421686050122503e+01
6.888000000000000000e+04 1.240611633334646058e+01
6.894000000000000000e+04 1.240611633334646058e+01
6.900000000000000000e+04 1.240611633334646058e+01
6.906000000000000000e+04 1.245799162616211397e+01
6.912000000000000000e+04 1.245799162616211397e+01
6.918000000000000000e+04 1.250984289156315299e+01
6.924000000000000000e+04 1.250984289156315299e+01
6.930000000000000000e+04 1.250984289156315299e+01
6.936000000000000000e+04 1.256167028177205403e+01
6.942000000000000000e+04 1.256167028177205403e+01
6.948000000000000000e+04 1.261347394862139026e+01
6.954000000000000000e+04 1.261347394862139026e+01
6.960000000000000000e+04 1.261347394862139026e+01
6.966000000000000000e+04 1.266525404355706996e+01
6.972000000000000000e+04 1.266525404355706996e+01
6.978000000000000000e+04 1.271701071764135804e+01
6.984000000000000000e+04 1.271701071764135804e+01
6.990000000000000000e+04 1.271701071764135804e+01
6.996000000000000000e+04 1.276874412155555483e+01
7.002000000000000000e+04 1.276874412155555483e+01
7.008000000000000000e+04 1.282045440560321481e+01
7.014000000000000000e+04 1.282045440560321481e+01
7.020000000000000000e+04 1.282045440560321481e+01
7.026000000000000000e+04 1.287214171971305454e+01
7.032000000000000000e+04 1.287214171971305454e+01
7.038000000000000000e+04 1.292380621344179303e+01
7.044000000000000000e+04 1.292380621344179303e+01
7.050000000000000000e+04 1.297544803597696728e+01
7.056000000000000000e+04 1.297544803597696728e+01
7.062000000000000000e+04 1.302706733613999113e+01
7.068000000000000000e+04 1.302706733613999113e+01
7.074000000000000000e+04 1.307866426238899393e+01
7.080000000000000000e+04 1.307866426238899393e+01
7.086000000000000000e+04 1.307866426238899393e+01
7.092000000000000000e+04 1.313023896282155079e+01
7.098000000000000000e+04 1.313023896282155079e+01
7.104000000000000000e+04 1.318179158517764726e+01
7.110000000000000000e+04 1.318179158517764726e+01
7.116000000000000000e+04 1.323332227684252693e+01
7.122000000000000000e+04 1.323332227684252693e+01
7.128000000000000000e+04 1.328483118484922443e+01
7.134000000000000000e+04 1.328483118484922443e+01
7.140000000000000000e+04 1.328483118484922443e+01
7.146000000000000000e+04 1.333631845588186415e+01
7.152000000000000000e+04 1.333631845588186415e+01
7.158000000000000000e+04 1.338778423627792513e+01
7.164000000000000000e+04 1.338778423627792513e+01
7.170000000000000000e+04 1.343922867203133542e+01
7.176000000000000000e+04 1.343922867203133542e+01
7.182000000000000000e+04 1.343922867203133542e+01
7.188000000000000000e+04 1.349065190879505671e+01
7.194000000000000000e+04 1.349065190879505671e+01
7.200000000000000000e+04 1.354205409188384124e+01
7.206000000000000000e+04 1.359343536627719473e+01
7.212000000000000000e+04 1.359343536627719473e+01
7.218000000000000000e+04 1.364479587662171589e+01
7.224000000000000000e+04 1.364479587662171589e+01
7.230000000000000000e+04 1.369613576723389947e+01
7.236000000000000000e+04 1.369613576723389947e+01
7.242000000000000000e+04 1.374745518210309569e+01
7.248000000000000000e+04 1.379875426489374313e+01
7.254000000000000000e+04 1.379875426489374313e+01
7.260000000000000000e+04 1.385003315894843645e+01
7.266000000000000000e+04 1.385003315894843645e+01
7.272000000000000000e+04 1.390129200729020553e+01
7.278000000000000000e+04 1.390129200729020553e+01
7.284000000000000000e+04 1.395253095262549436e+01
7.290000000000000000e+04 1.395253095262549436e+01
7.296000000000000000e+04 1.400375013734642948e+01
7.302000000000000000e+04 1.400375013734642948e+01
7.308000000000000000e+04 1.405494970353359463e+01
7.314000000000000000e+04 1.405494970353359463e+01
7.320000000000000000e+04 1.410612979295874148e+01
7.326000000000000000e+04 1.410612979295874148e+01
7.332000000000000000e+04 1.415729054708714507e+01
7.338000000000000000e+04 1.415729054708714507e+01
7.344000000000000000e+04 1.420843210708028614e+01
7.350000000000000000e+04 1.420843210708028614e+01
7.356000000000000000e+04 1.425955461379837352e+01
7.362000000000000000e+04 1.425955461379837352e+01
7.368000000000000000e+04 1.431065820780293052e+01
7.374000000000000000e+04 1.436174302935927649e+01
7.380000000000000000e+04 1.436174302935927649e+01
7.386000000000000000e+04 1.441280921843895158e+01
7.392000000000000000e+04 1.441280921843895158e+01
7.398000000000000000e+04 1.446385691472241142e+01
7.404000000000000000e+04 1.446385691472241142e+01
7.410000000000000000e+04 1.451488625760143236e+01
7.416000000000000000e+04 1.451488625760143236e+01
7.422000000000000000e+04 1.456589738618154684e+01
7.428000000000000000e+04 1.456589738618154684e+01
7.434000000000000000e+04 1.461689043928461551e+01
7.440000000000000000e+04 1.461689043928461551e+01
7.446000000000000000e+04 1.466786555545115789e+01
7.452000000000000000e+04 1.466786555545115789e+01
7.458000000000000000e+04 1.471882287294286407e+01
7.464000000000000000e+04 1.471882287294286407e+01
7.470000000000000000e+04 1.471882287294286407e+01
7.476000000000000000e+04 1.476976252974512427e+01
7.482000000000000000e+04 1.476976252974512427e+01
7.488000000000000000e+04 1.482068466356924041e+01
7.494000000000000000e+04 1.482068466356924041e+01
7.500000000000000000e+04 1.487158941185501071e+01
7.506000000000000000e+04 1.487158941185501071e+01
7.512000000000000000e+04 1.492247691177306024e+01
7.518000000000000000e+04 1.492247691177306024e+01
7.524000000000000000e+04 1.497334730022737581e+01
7.530000000000000000e+04 1.497334730022737581e+01
7.536000000000000000e+04 1.497334730022737581e+01
7.542000000000000000e+04 1.502420071385734168e+01
7.548000000000000000e+04 1.502420071385734168e+01
7.554000000000000000e+04 1.507503728904052487e+01
7.560000000000000000e+04 1.507503728904052487e+01
7.566000000000000000e+04 1.507503728904052487e+01
7.572000000000000000e+04 1.512585716189474283e+01
7.578000000000000000e+04 1.512585716189474283e+01
7.584000000000000000e+04 1.517666046828054505e+01
7.590000000000000000e+04 1.517666046828054505e+01
7.596000000000000000e+04 1.522744734380353293e+01
7.602000000000000000e+04 1.522744734380353293e+01
7.608000000000000000e+04 1.522744734380353293e+01
7.614000000000000000e+04 1.527821792381666910e+01
7.620000000000000000e+04 1.527821792381666910e+01
7.626000000000000000e+04 1.532897234342260617e+01
7.632000000000000000e+04 1.532897234342260617e+01
7.638000000000000000e+04 1.532897234342260617e+01
7.644000000000000000e+04 1.537971073747601558e+01
7.650000000000000000e+04 1.537971073747601558e+01
7.656000000000000000e+04 1.543043324058581334e+01
7.662000000000000000e+04 1.543043324058581334e+01
7.668000000000000000e+04 1.548113998711758832e+01
7.674000000000000000e+04 1.548113998711758832e+01
7.680000000000000000e+04 1.548113998711758832e+01
7.686000000000000000e+04 1.553183111119568593e+01
7.692000000000000000e+04 1.553183111119568593e+01
7.698000000000000000e+04 1.558250674670583180e+01
7.704000000000000000e+04 1.558250674670583180e+01
7.710000000000000000e+04 1.563316702729681928e+01
7.716000000000000000e+04 1.563316702729681928e+01
7.722000000000000000e+04 1.568381208638336943e+01
7.728000000000000000e+04 1.568381208638336943e+01
7.734000000000000000e+04 1.573444205714804411e+01
7.740000000000000000e+04 1.573444205714804411e+01
7.746000000000000000e+04 1.578505707254348067e+01
7.752000000000000000e+04 1.583565726529471362e+01
7.758000000000000000e+04 1.583565726529471362e+01
7.764000000000000000e+04 1.588624276790136491e+01
7.770000000000000000e+04 1.588624276790136491e+01
7.776000000000000000e+04 1.593681371263988922e+01
7.782000000000000000e+04 1.593681371263988922e+01
7.788000000000000000e+04 1.598737023156567538e+01
7.794000000000000000e+04 1.598737023156567538e+01
7.800000000000000000e+04 1.603791245651524378e+01
7.806000000000000000e+04 1.603791245651524378e+01
7.812000000000000000e+04 1.608844051910858752e+01
7.818000000000000000e+04 1.608844051910858752e+01
7.824000000000000000e+04 1.613895455075115137e+01
7.830000000000000000e+04 1.613895455075115137e+01
7.836000000000000000e+04 1.618945468263621024e+01
7.842000000000000000e+04 1.618945468263621024e+01
7.848000000000000000e+04 1.623994104574668995e+01
7.854000000000000000e+04 1.623994104574668995e+01
7.860000000000000000e+04 1.623994104574668995e+01
7.866000000000000000e+04 1.629041377085769327e+01
7.872000000000000000e+04 1.629041377085769327e+01
7.878000000000000000e+04 1.634087298853845027e+01
7.884000000000000000e+04 1.634087298853845027e+01
7.890000000000000000e+04 1.639131882915441452e+01
7.896000000000000000e+04 1.639131882915441452e+01
7.902000000000000000e+04 1.639131882915441452e+01
7.908000000000000000e+04 1.644175142286949054e+01
7.914000000000000000e+04 1.644175142286949054e+01
7.920000000000000000e+04 1.649217089964809801e+01
7.926000000000000000e+04 1.649217089964809801e+01
7.932000000000000000e+04 1.654257738925733179e+01
7.938000000000000000e+04 1.654257738925733179e+01
7.944000000000000000e+04 1.659297102126896206e+01
7.950000000000000000e+04 1.659297102126896206e+01
7.956000000000000000e+04 1.659297102126896206e+01
7.962000000000000000e+04 1.664335192506166550e+01
7.968000000000000000e+04 1.664335192506166550e+01
7.974000000000000000e+04 1.669372022982298276e+01
7.980000000000000000e+04 1.669372022982298276e+01
7.986000000000000000e+04 1.674407606455153541e+01
7.992000000000000000e+04 1.674407606455153541e+01
7.998000000000000000e+04 1.679441955805896214e+01
8.004000000000000000e+04 1.679441955805896214e+01
8.010000000000000000e+04 1.684475083897206105e+01
8.016000000000000000e+04 1.684475083897206105e+01
8.022000000000000000e+04 1.689507003573478983e+01
8.028000000000000000e+04 1.689507003573478983e+01
8.034000000000000000e+04 1.689507003573478983e+01
8.040000000000000000e+04 1.694537727661048265e+01
8.046000000000000000e+04 1.694537727661048265e+01
8.052000000000000000e+04 1.699567268968371536e+01
8.058000000000000000e+04 1.699567268968371536e+01
8.064000000000000000e+04 1.704595640286237312e+01
8.070000000000000000e+04 1.704595640286237312e+01
8.076000000000000000e+04 1.709622854387970392e+01
8.082000000000000000e+04 1.709622854387970392e+01
8.088000000000000000e+04 1.709622854387970392e+01
8.094000000000000000e+04 1.714648924029648924e+01
8.100000000000000000e+04 1.714648924029648924e+01
8.106000000000000000e+04 1.719673861950272453e+01
8.112000000000000000e+04 1.719673861950272453e+01
8.118000000000000000e+04 1.724697680871997463e+01
8.124000000000000000e+04 1.724697680871997463e+01
8.130000000000000000e+04 1.729720393500326736e+01
8.136000000000000000e+04 1.729720393500326736e+01
8.142000000000000000e+04 1.734742012524296229e+01
8.148000000000000000e+04 1.734742012524296229e+01
8.154000000000000000e+04 1.739762550616691783e+01
8.160000000000000000e+04 1.739762550616691783e+01
8.166000000000000000e+04 1.744782020434237779e+01
8.172000000000000000e+04 1.744782020434237779e+01
8.178000000000000000e+04 1.744782020434237779e+01
8.184000000000000000e+04 1.749800434617804967e+01
8.190000000000000000e+04 1.749800434617804967e+01
8.196000000000000000e+04 1.754817805792589525e+01
8.202000000000000000e+04 1.754817805792589525e+01
8.208000000000000000e+04 1.759834146568328705e+01
8.214000000000000000e+04 1.759834146568328705e+01
8.220000000000000000e+04 1.759834146568328705e+01
8.226000000000000000e+04 1.764849469539498727e+01
8.232000000000000000e+04 1.764849469539498727e+01
8.238000000000000000e+04 1.769863787285492762e+01
8.244000000000000000e+04 1.769863787285492762e+01
8.250000000000000000e+04 1.774877112370822729e+01
8.256000000000000000e+04 1.774877112370822729e+01
8.262000000000000000e+04 1.779889457345328196e+01
8.268000000000000000e+04 1.779889457345328196e+01
8.274000000000000000e+04 1.784900834744354725e+01
8.280000000000000000e+04 1.784900834744354725e+01
8.286000000000000000e+04 1.784900834744354725e+01
8.292000000000000000e+04 1.789911257088948560e+01
8.298000000000000000e+04 1.789911257088948560e+01
8.304000000000000000e+04 1.794920736886055579e+01
8.310000000000000000e+04 1.794920736886055579e+01
8.316000000000000000e+04 1.799929286628716341e+01
8.322000000000000000e+04 1.799929286628716341e+01
8.328000000000000000e+04 1.804936918796246914e+01
8.334000000000000000e+04 1.804936918796246914e+01
8.340000000000000000e+04 1.809943645854440675e+01
8.346000000000000000e+04 1.809943645854440675e+01
8.352000000000000000e+04 1.809943645854440675e+01
8.358000000000000000e+04 1.814949480255754111e+01
8.364000000000000000e+04 1.814949480255754111e+01
8.370000000000000000e+04 1.814949480255754111e+01
8.376000000000000000e+04 1.819954434439503999e+01
8.382000000000000000e+04 1.819954434439503999e+01
8.388000000000000000e+04 1.824958520832035447e+01
8.394000000000000000e+04 1.824958520832035447e+01
8.400000000000000000e+04 1.824958520832035447e+01
8.406000000000000000e+04 1.829961751846954598e+01
8.412000000000000000e+04 1.829961751846954598e+01
8.418000000000000000e+04 1.834964139885272871e+01
8.424000000000000000e+04 1.834964139885272871e+01
8.430000000000000000e+04 1.834964139885272871e+01
8.436000000000000000e+04 1.839965697335608397e+01
8.442000000000000000e+04 1.839965697335608397e+01
8.448000000000000000e+04 1.839965697335608397e+01
8.454000000000000000e+04 1.844966436574401314e+01
8.460000000000000000e+04 1.844966436574401314e+01
8.466000000000000000e+04 1.849966369966066182e+01
8.472000000000000000e+04 1.849966369966066182e+01
8.478000000000000000e+04 1.849966369966066182e+01
8.484000000000000000e+04 1.849966369966066182e+01
8.490000000000000000e+04 1.854965509863194484e+01
8.496000000000000000e+04 1.854965509863194484e+01
8.502000000000000000e+04 1.859963868606740789e+01
8.508000000000000000e+04 1.859963868606740789e+01
8.514000000000000000e+04 1.859963868606740789e+01
8.520000000000000000e+04 1.864961458526204652e+01
8.526000000000000000e+04 1.864961458526204652e+01
8.532000000000000000e+04 1.864961458526204652e+01
8.538000000000000000e+04 1.869958291939826367e+01
8.544000000000000000e+04 1.869958291939826367e+01
8.550000000000000000e+04 1.869958291939826367e+01
8.556000000000000000e+04 1.874954381154770999e+01
8.562000000000000000e+04 1.874954381154770999e+01
8.568000000000000000e+04 1.874954381154770999e+01
8.574000000000000000e+04 1.879949738467295006e+01
8.580000000000000000e+04 1.879949738467295006e+01
8.586000000000000000e+04 1.884944376162948743e+01
8.592000000000000000e+04 1.884944376162948743e+01
8.598000000000000000e+04 1.884944376162948743e+01
8.604000000000000000e+04 1.889938306516765110e+01
8.610000000000000000e+04 1.889938306516765110e+01
8.616000000000000000e+04 1.889938306516765110e+01
8.622000000000000000e+04 1.894931541793436836e+01
8.628000000000000000e+04 1.894931541793436836e+01
8.634000000000000000e+04 1.894931541793436836e+01
8.640000000000000000e+04 1.894931541793436836e+01
8.646000000000000000e+04 1.899924094247478479e+01
8.652000000000000000e+04 1.899924094247478479e+01
8.658000000000000000e+04 1.899924094247478479e+01
8.664000000000000000e+04 1.904915976123456645e+01
8.670000000000000000e+04 1.904915976123456645e+01
8.676000000000000000e+04 1.909907199656126409e+01
8.682000000000000000e+04 1.909907199656126409e+01
8.688000000000000000e+04 1.909907199656126409e+01
8.694000000000000000e+04 1.914897777070638085e+01
8.700000000000000000e+04 1.914897777070638085e+01
8.706000000000000000e+04 1.914897777070638085e+01
8.712000000000000000e+04 1.919887720582724455e+01
8.718000000000000000e+04 1.919887720582724455e+01
8.724000000000000000e+04 1.919887720582724455e+01
8.730000000000000000e+04 1.924877042398856020e+01
8.736000000000000000e+04 1.924877042398856020e+01
8.742000000000000000e+04 1.924877042398856020e+01
8.748000000000000000e+04 1.924877042398856020e+01
8.754000000000000000e+04 1.929865754716459136e+01
8.760000000000000000e+04 1.929865754716459136e+01
8.766000000000000000e+04 1.934853869724054576e+01
8.772000000000000000e+04 1.934853869724054576e+01
8.778000000000000000e+04 1.934853869724054576e+01
8.784000000000000000e+04 1.934853869724054576e+01
8.790000000000000000e+04 1.939841399601479921e+01
8.796000000000000000e+04 1.939841399601479921e+01
8.802000000000000000e+04 1.939841399601479921e+01
8.808000000000000000e+04 1.939841399601479921e+01
8.814000000000000000e+04 1.944828356520037005e+01
8.820000000000000000e+04 1.944828356520037005e+01
8.826000000000000000e+04 1.944828356520037005e+01
8.832000000000000000e+04 1.949814752642700455e+01
8.838000000000000000e+04 1.949814752642700455e+01
8.844000000000000000e+04 1.949814752642700455e+01
8.850000000000000000e+04 1.949814752642700455e+01
8.856000000000000000e+04 1.954800600124269394e+01
8.862000000000000000e+04 1.954800600124269394e+01
8.868000000000000000e+04 1.954800600124269394e+01
8.874000000000000000e+04 1.959785911111572787e+01
8.880000000000000000e+04 1.959785911111572787e+01
8.886000000000000000e+04 1.959785911111572787e+01
8.892000000000000000e+04 1.959785911111572787e+01
8.898000000000000000e+04 1.964770697743625405e+01
8.904000000000000000e+04 1.964770697743625405e+01
